0.08287180974684752 0.0010453502882206641
0.019188385951100534 0.0010453502882206641
0.01850715891670889 0.0010453502882206641
0.01727544538987956 0.0010453502882206641
0.016370583217935095 0.0010453502882206641
0.016166215107617593 0.0010453502882206641
0.0160230886195838 0.0010453502882206641
0.015519786683640763 0.0010453502882206641
0.01534358185548102 0.0010453502882206641
0.015550587713574789 0.0010453502882206641
0.015691420507890092 0.0010453502882206641
0.015495122029109463 0.0010453502882206641
0.01531433726057027 0.0010453502882206641
0.01509784786114046 9.913602668469672E-4
0.015095125675188835 9.59828279574093E-4
0.015010193473498449 9.352529897331262E-4
0.01510360415018397 9.395536654552943E-4
0.014872733758180916 9.336339118141904E-4
0.01496569581535973 9.054349713927506E-4
0.015031488608863797 8.932421784681429E-4
0.014900784283126455 8.822686648359967E-4
0.015045975095506895 8.762722941148023E-4
0.015112283695732342 8.689443895076752E-4
0.015045376740623813 8.460981121535436E-4
0.014965122391930118 8.337570426899253E-4
0.014810366876743569 8.290090966926503E-4
0.01477549567470338 8.309781445309848E-4
0.01466369280909183 8.098643997889849E-4
0.014584942658090327 7.991058840141614E-4
0.014663956452047981 7.976313666237034E-4
0.01458494265809033 7.921265016993255E-4
0.014537662971441446 7.789858563959739E-4
0.014551397387457402 7.692469068573844E-4
0.014680652241434609 7.651026193432937E-4
0.014678444407908789 7.539162628124741E-4
0.014576095553747585 7.433691266548446E-4
0.01457232734263863 7.379953299429525E-4
0.014596659093571265 7.273327537380787E-4
0.014558866982132755 7.22663798245674E-4
0.014538892345742176 7.118825091478307E-4
0.0146179718476366 7.057689331981627E-4
0.014578397239430246 6.918976805762189E-4
0.014662600573987791 6.865510565425261E-4
0.014637270879900539 6.82413263555348E-4
0.014651564034731937 6.784635520675894E-4
0.014501910945480976 6.7193695085043E-4
0.014488009167030651 6.674891795528356E-4
0.014532675722505153 6.658659827955323E-4
0.014503229819369102 6.548489326476765E-4
0.014462347069340815 6.577628598716761E-4
0.01443135692670021 6.531286623588087E-4
0.014442868570703841 6.462475812033385E-4
0.014419002739456465 6.436010115281559E-4
0.014459135721493136 6.472862349626538E-4
0.014461847761864679 6.408956291935261E-4
0.01449223572834116 6.362387358862881E-4
0.01445665964512047 6.31748160197166E-4
0.014449856170143452 6.259664999030016E-4
0.014379222059407799 6.210960431867878E-4
0.014415248199086763 6.198895415230582E-4
0.014451449683674192 6.139064997726237E-4
0.01444856188568107 6.074427956708442E-4
0.014436444487348061 6.065148867894877E-4
0.014437818589575732 6.003737068335293E-4
0.01444043995382544 5.950695401095205E-4
0.014468387729595352 5.9691552245796E-4
0.014424175580185232 5.943266961211459E-4
0.014446602116054218 5.918151481824464E-4
0.014458047426193846 5.911989319595682E-4
0.014438644889176181 5.834203184794707E-4
0.014444568602518715 5.823518276168193E-4
0.014443347452905216 5.754984369287747E-4
0.014446174188121663 5.728493822116453E-4
0.014420079494516094 5.742318825351186E-4
0.014439882028326346 5.733453159886166E-4
0.014426127305022053 5.708309317393735E-4
0.0144426129268219 5.678394722475739E-4
0.014461351291362843 5.643895248603298E-4
0.014448379662850975 5.631452934026473E-4
0.014423716313548851 5.598421064409659E-4
0.01441515198057908 5.592019045866271E-4
0.014400682596038265 5.570483810398223E-4
0.014439432966339268 5.539403949714076E-4
0.01445983962840833 5.499124450267415E-4
0.014463540726275944 5.489294334331024E-4
0.014451125868090402 5.435980411428971E-4
0.014427957992659697 5.451116907322262E-4
0.014434745265972633 5.389976266422003E-4
0.014439970789201194 5.377141647965875E-4
0.014417245298245195 5.369234379018067E-4
0.014402364638098495 5.37985237690592E-4
0.014430912302994791 5.326719339998466E-4
0.014441786252312376 5.324105646965205E-4
0.0144382202502269 5.303790533595976E-4
0.014421992800089493 5.305868553986096E-4
0.0144360940078325 5.316594718564388E-4
0.014452481845847511 5.284090664158941E-4
0.014440865587711342 5.239487779865095E-4
0.014409264443284324 5.246350040474599E-4
0.01438038688192314 5.248903317341189E-4
0.01437974881803418 5.214247690430906E-4
0.014363589859336608 5.217068252409484E-4
0.014353819285162443 5.211738119656558E-4
0.014338225835690763 5.194486294258202E-4
0.01431380159486802 5.161686816681808E-4
0.014331129064612811 5.133444137433802E-4
0.014316969988186696 5.101839387328892E-4
0.014310406812737934 5.124845082745524E-4
0.014315051363881295 5.11684216385235E-4
0.014289687460254191 5.086259580939144E-4
0.01429631258125993 5.074999629957461E-4
0.014273806204763217 5.07882057428458E-4
0.014274556747398906 5.082573287462997E-4
0.014263602257582183 5.089913252349129E-4
0.014282899411581758 5.08263795927837E-4
0.014275294006094124 5.021637253566017E-4
0.014246464648839307 5.025753522503106E-4
0.014252709944865915 5.026270668301702E-4
0.014252201564250349 5.005785919968381E-4
0.0142968046127314 5.002992716536802E-4
0.014264284276245376 4.989924444762546E-4
0.014267446161470531 4.956599539331912E-4
0.014250251382872572 4.923820943826381E-4
0.014259853531306241 4.911715083336947E-4
0.014253651896008374 4.893145367866244E-4
0.014275624297989589 4.8517523351606886E-4
0.01423793956553585 4.830676566593077E-4
0.01424278496126513 4.819685413341362E-4
0.014244006590215349 4.799189476484331E-4
0.01424200877631883 4.8174173404463193E-4
0.014231149223912104 4.7845506379684896E-4
0.014240625963631447 4.7742471987750326E-4
0.01426090629095087 4.75158881565032E-4
0.014247976631281429 4.7541051371938507E-4
0.01423462373538418 4.728854171669894E-4
0.014222080311825152 4.722326844272E-4
0.014221257280549689 4.7067881936888967E-4
0.01420085778512765 4.715585282199163E-4
0.014211868388487179 4.700320681349678E-4
0.014216483039096289 4.6823054641863054E-4
0.014238725974810768 4.655700502925383E-4
0.014231957835412866 4.649969754485872E-4
0.014249708014192093 4.661764715291767E-4
0.014263167905036934 4.658958877018977E-4
0.014247196258042624 4.6619262430184225E-4
0.014224896018596818 4.6420739284204596E-4
0.014238814849831565 4.6224935633375295E-4
0.014239063007357156 4.608796806886042E-4
0.014254929725377258 4.575757749269731E-4
0.014254235126853221 4.562558505079794E-4
0.01425767843833612 4.530268223577079E-4
0.014262443245260732 4.5175450589505345E-4
0.014274750762845014 4.521286601858349E-4
0.014287167244166314 4.5303761621050015E-4
0.014305588636116265 4.520581091145217E-4
0.014312052297685928 4.534885207062033E-4
0.014331401283207975 4.493427973698552E-4
0.014343140589716225 4.505093108827375E-4
0.01435002777358013 4.5166105840178575E-4
0.014347999769246274 4.520193282111703E-4
0.014340062182470005 4.523731196479378E-4
0.01435068672136277 4.5323539177409734E-4
0.014358376689675005 4.5179332484687474E-4
0.014348241909386484 4.4960907799975077E-4
0.014369195589179158 4.4971719015317346E-4
0.014354614105231745 4.4832266505869466E-4
0.014358613121289896 4.466962276946743E-4
0.014362069795994864 4.4533649309508994E-4
0.014362782037927978 4.432556871169383E-4
0.014352248108957093 4.4388679219332765E-4
0.014345481033879934 4.4378188744059234E-4
0.014340724637432113 4.446439754202355E-4
0.014365068111401553 4.45736076835771E-4
0.01436669703785871 4.446677008800555E-4
0.01438017117404993 4.450352770709394E-4
0.014390896169506045 4.4516272960859785E-4
0.014396338479147187 4.459924807583192E-4
0.014387957131453199 4.4401377232898196E-4
0.014393122856441749 4.434489759134408E-4
0.014403074529897399 4.4335179160235005E-4
0.014392731124480833 4.427969483732406E-4
0.014398925364754856 4.424763381462912E-4
0.014410042210699065 4.419324022793477E-4
0.014405244915784338 4.418456295031124E-4
0.014408801939382343 4.4108665066575737E-4
0.014424148529251939 4.398895366057483E-4
0.01443067325799186 4.393712058194955E-4
0.01442520590249728 4.370921518573584E-4
0.014436267383337541 4.361549969884202E-4
0.014419032145786196 4.36319994206265E-4
0.014423925359052306 4.364832546112904E-4
0.014428551174865717 4.349155285436839E-4
0.014444525595761499 4.348693694587077E-4
0.014438728596854127 4.350376083276325E-4
0.01442298896450331 4.3392721111751086E-4
0.014430065400698727 4.3325165374475343E-4
0.014417058320919602 4.342681525465274E-4
0.014409841846758465 4.327594186538974E-4
0.014417294499029759 4.3314258299450366E-4
0.014431103813564244 4.3020237989990144E-4
0.014431563359134878 4.2853017344423054E-4
0.014437358872711048 4.2728541667401675E-4
0.014430629303465161 4.2625737277743276E-4
0.014436168937935832 4.268665110643756E-4
0.014434570796369305 4.250410605289267E-4
0.014447488866228604 4.244418042503941E-4
0.014457475640181214 4.246500453519027E-4
0.014467365923564238 4.254546293451767E-4
0.014465847022707177 4.228771006180437E-4
0.014475009978769184 4.2170703823533195E-4
0.014474845359602796 4.227107448098885E-4
0.01446509444365262 4.219439025903962E-4
0.014470041585965945 4.219632850509524E-4
0.014465056779367547 4.210133191566481E-4
0.014470729572743446 4.21036868993431E-4
0.01446597996667225 4.206761394184038E-4
0.01447064025445222 4.2031874993203437E-4
0.014457943902202479 4.1863283219885844E-4
0.014458999934189733 4.1790931937453805E-4
0.014465890527962117 4.1775798228741844E-4
0.01445019857800956 4.1760802099200027E-4
0.014423066002310718 4.1727260012942375E-4
0.014428165592845403 4.169402010764208E-4
0.014427850352428877 4.162405007868268E-4
0.014411502550037692 4.149941037998253E-4
0.014419337971615325 4.1449276788706896E-4
0.014403355189014094 4.15457337139305E-4
0.014392060193807236 4.138671048251795E-4
0.01437977779100746 4.135583894985896E-4
0.014362734819030467 4.134326607116759E-4
0.014356071915310529 4.140260510782636E-4
0.014341245147558255 4.131844688206263E-4
0.01432868170471416 4.1235014158245146E-4
0.014325263058948445 4.1187736639724674E-4
0.01432328513620407 4.131730118090455E-4
0.014311485564852268 4.123493843101305E-4
0.014301185531797765 4.118826221877563E-4
0.014309089695819732 4.115940035724605E-4
0.014310162005562604 4.100935018844787E-4
0.014322799378087971 4.101602779612308E-4
0.014325181844471298 4.103985245995642E-4
0.014337994646000411 4.1029216763979547E-4
0.014332958603545758 4.0865124180202805E-4
0.014325075654947289 4.083830474339639E-4
0.014324702424882586 4.0845546520771095E-4
0.014316243460480564 4.0903284063554407E-4
0.014317587480513125 4.0843070322034723E-4
0.01431407321649257 4.0816774494966795E-4
0.014310087860001227 4.07573951770423E-4
0.014312766881784166 4.07648164752181E-4
0.01430072648204475 4.0673090834369746E-4
0.014306875701277803 4.064789127342113E-4
0.014304292848106467 4.059012465586664E-4
0.014310868923688422 4.0565452230492704E-4
0.014320969214078869 4.050846503135572E-4
0.014325809237164882 4.0468115569832657E-4
0.014326740839420581 4.034744366868711E-4
0.014326219361571581 4.0372293876653697E-4
0.014318500794744766 4.0268931332828895E-4
0.014317058714883325 4.0118544769729165E-4
0.014337541324854389 4.020750629711187E-4
0.01434094110217506 4.01692375080156E-4
0.014334387260291875 4.0210051852677324E-4
0.014330551965791296 4.0030779846026186E-4
0.014327840444008628 4.010308709356382E-4
0.014320631242688285 3.9972311142958945E-4
0.014336602887065803 4.0013252062757565E-4
0.014345496496983658 4.002296010155937E-4
0.014364491304355716 4.0001784881166474E-4
0.01435633216631916 4.0026811506575137E-4
0.01436291310614046 3.9975196292290423E-4
0.014350706592927151 4.000013633223071E-4
0.014348911455220678 3.994899871207434E-4
0.014345465910624647 3.9928482237071327E-4
0.014340538709896733 3.992318357828479E-4
0.014341652650546165 3.981283057936936E-4
0.014321965686974712 3.977807160025205E-4
0.01432060480763773 3.9773373326350584E-4
0.014325639758145312 3.9605345055764534E-4
0.014339221469732058 3.957170350482265E-4
0.014330883311714396 3.944983120724572E-4
0.014328187726008074 3.9461060627941745E-4
0.014326536099805085 3.935508562173115E-4
0.014322416038883182 3.933739274333731E-4
0.014324576115496339 3.9232599490285266E-4
0.014327010763409982 3.9229947034984434E-4
0.014323798410322908 3.9169569789954464E-4
0.014321759285812953 3.92246975764099E-4
0.0143304860111953 3.9150422259349944E-4
0.014330295035399105 3.9190948811426186E-4
0.014329820642284719 3.914577555224778E-4
0.01433119392310971 3.9143476150795193E-4
0.014335244247393852 3.915533170652136E-4
0.014331516901268868 3.9068469678751156E-4
0.014313350597790715 3.906645668572663E-4
0.014321198981395715 3.902247108221465E-4
0.014319230639147647 3.8964834541249096E-4
0.014317275551729531 3.8921487299190015E-4
0.014326971387389241 3.8933849081484073E-4
0.014336050040376552 3.883566265939399E-4
0.014334471304031182 3.8793179462695E-4
0.014335097688162941 3.8709829223848385E-4
0.014340504781812539 3.862703097333847E-4
0.014336610570845846 3.849027563282153E-4
0.014329075087756632 3.842232540463178E-4
0.01432483779041352 3.8368357304801546E-4
0.014330882347977544 3.8341726569632116E-4
0.014338097880353508 3.8342166058752365E-4
0.014342853711984212 3.82487697691998E-4
0.014343169525064606 3.824950724479966E-4
0.01433442690995921 3.8250239962492403E-4
0.014336095327686524 3.815804018408105E-4
0.014335900451655777 3.8013500036386663E-4
0.014330562498186315 3.7988598606056236E-4
0.014328282713845493 3.796385578356238E-4
0.014326803813600799 3.784752230961459E-4
0.01433617850897608 3.7784186499340884E-4
0.014333902583759023 3.7786370925934563E-4
0.014338392221972595 3.7749592098021905E-4
0.014335735352168203 3.7609504079230075E-4
0.014345868094694932 3.7586409855054317E-4
0.014342175542558523 3.7602045021932056E-4
0.014343762900572793 3.7604761185620325E-4
0.014342656168984532 3.764580711324813E-4
0.014336586599349343 3.7622885956549695E-4
0.014331062522289547 3.7511181112037233E-4
0.014328105248581828 3.745081983949457E-4
0.014327564971201748 3.7441331096977064E-4
0.01432916783660404 3.743190021264562E-4
0.01433766295443946 3.7397428490569805E-4
0.014340601721787872 3.726307723485114E-4
0.014341901208577906 3.724179709922623E-4
0.01434331722402261 3.715846671301335E-4
0.014353279592522803 3.7174823564994783E-4
0.014356136408651222 3.714163757722441E-4
0.014347761033904583 3.7047028092466387E-4
0.014346808099531348 3.703899527384667E-4
0.014350271246458785 3.6969754212410477E-4
0.014345407744258167 3.692535273532176E-4
0.014339111466721862 3.688121321385008E-4
0.014342080970250174 3.6849476421014344E-4
0.014343580160434643 3.683003324189984E-4
0.014342535448262504 3.681070376558722E-4
0.014332348801447363 3.682759762756164E-4
0.014345625056508767 3.678438384072686E-4
0.014337044230028443 3.676535476392186E-4
0.01432576852624611 3.671063814975771E-4
0.014334308696349702 3.665623690512767E-4
0.014336037343190703 3.6554692579222073E-4
0.014336691389240654 3.6595689436615185E-4
0.014332151396670196 3.6577471330633313E-4
0.014341634685952008 3.651230690396444E-4
0.014336285407244893 3.6470970960931625E-4
0.014332486901590313 3.64181733272268E-4
0.014338040135952494 3.642398823231809E-4
0.014332280988057753 3.637162039578514E-4
0.014334904270935344 3.644711736627239E-4
0.014328492280573396 3.6452802330875426E-4
0.014332495395811114 3.636619522990444E-4
0.01434291644151614 3.639507476162091E-4
0.014346054457309554 3.634351457134732E-4
0.01434677338097783 3.6292240033097416E-4
0.014346689975210008 3.618422324515159E-4
0.014354341136723089 3.615641740604564E-4
0.014353216578959107 3.6185476553600795E-4
0.014356848956994314 3.613519690896937E-4
0.014361815141278494 3.60626310946732E-4
0.014357191996522193 3.601296018232567E-4
0.014362579024664077 3.5963559220588694E-4
0.014362118704901367 3.5981558513819694E-4
0.01436311147965125 3.5921350943700825E-4
0.014348964233451354 3.5883724808964207E-4
0.014349210135925482 3.587959651925264E-4
0.014348126468297343 3.5798009022373374E-4
0.014355990321462835 3.5871406169076187E-4
0.014353463088020284 3.580128537629617E-4
0.014352157146660566 3.575349846376116E-4
0.014357757466731841 3.5804526967843137E-4
0.014364966508136057 3.5756984320476216E-4
0.014366581805697585 3.5698799025619656E-4
0.014359388061057307 3.5771298348945E-4
0.014360142613097815 3.5778399008736623E-4
0.014358191219385951 3.578546249229891E-4
0.014363149063144395 3.5695471236418195E-4
0.014368511152372147 3.564895544221699E-4
0.014366124277346346 3.561340505134471E-4
0.014363001050873707 3.5545950916176925E-4
0.014365334819973475 3.5478845381190855E-4
0.014368720644050372 3.544400829246715E-4
0.014362536916785087 3.548364476423302E-4
0.01435903147061686 3.550190541463967E-4
0.014360506780914564 3.543559902963181E-4
0.014362290532131157 3.541176001080547E-4
0.014371944306293115 3.544056964720571E-4
0.014375052218175472 3.5395881415266475E-4
0.014380234848829715 3.541413310389317E-4
0.014378718741036972 3.5390589090119966E-4
0.014371906465440723 3.5346364448238346E-4
0.01436990022740754 3.534385599745453E-4
0.014362419875761895 3.529997015852133E-4
0.014365504980042356 3.528726861398247E-4
0.014357352185858376 3.5202559244595997E-4
0.01435817508807122 3.5169622666764725E-4
0.014357969427818175 3.5177828689252977E-4
0.014359297699803987 3.510423866819858E-4
0.014367449522605926 3.5112565609090826E-4
0.014370374955065043 3.5120851530569795E-4
0.014370242781939649 3.507837623507237E-4
0.014375676837068061 3.5066466862787837E-4
0.014375330457317675 3.5024332240294774E-4
0.014374985767224619 3.5002542902268935E-4
0.014380469071346361 3.5021041090883414E-4
0.01438352071941319 3.5029428490491847E-4
0.014394654939260707 3.5037775273152904E-4
0.014393867998758693 3.499621882626883E-4
0.014394378162379892 3.494491410034973E-4
0.014393198685123447 3.49137053043307E-4
0.014399054458530663 3.489254702698145E-4
0.014397474351395339 3.4762841335585746E-4
0.01439058085504737 3.473229053277149E-4
0.014390011459071768 3.4711715325907023E-4
0.014388071820756238 3.461278373155435E-4
0.014389272103906323 3.4641506867536713E-4
0.01438353682880927 3.465057339912539E-4
0.014384352650822343 3.469854668002998E-4
0.014378461651088631 3.476572313934576E-4
0.014386845054121558 3.4745359243830155E-4
0.014380105602897843 3.468641486357892E-4
0.01438024657100748 3.4675977801614915E-4
0.01438365900443064 3.4704084956194126E-4
0.014376397891536606 3.470325685405476E-4
0.014375396973251447 3.46449572067752E-4
0.014371915853985534 3.461559863675122E-4
0.01436911826277289 3.463405059930565E-4
0.014361862446437158 3.4585826421818465E-4
0.01435881609460192 3.4585279696794163E-4
0.0143572041235182 3.4518449835524635E-4
0.01435352103396685 3.448971666646486E-4
0.014365596413586472 3.4545949946212574E-4
0.014366049040012532 3.457371303771578E-4
0.01436462295054879 3.450751700850116E-4
0.014365824692860667 3.4525879324633405E-4
0.014366273730692712 3.4516136050919256E-4
0.014368025506089984 3.44691577699236E-4
0.014370327316106176 3.447818365271555E-4
0.014369928200861502 3.4487168969742137E-4
0.014368697739984764 3.453314223326888E-4
0.01437329168536869 3.452349169660153E-4
0.014374547457939344 3.452309997637758E-4
0.014372579313833391 3.4531905209680844E-4
0.014372271376511907 3.4540671308613856E-4
0.014370042374110705 3.446700864826217E-4
0.014367366525625742 3.444847700003527E-4
0.014374272206555608 3.44117991396889E-4
0.01437896492041885 3.436618891596679E-4
0.014375651928177 3.4402444755292957E-4
0.014376880493678848 3.442043346947616E-4
0.014378465052215112 3.444737770065039E-4
0.014374633981203241 3.448321878822407E-4
0.014375586888294791 3.4410965177552564E-4
0.014383985170606418 3.4321075066521867E-4
0.014384107632175224 3.4222619080282455E-4
0.014391110644762839 3.424969987689681E-4
0.01439514074138078 3.4223160687003743E-4
0.014387764091186998 3.42590215385606E-4
0.014386279186021079 3.4188182377165857E-4
0.0143841804705586 3.4179665574517404E-4
0.014380499401062148 3.414466287791911E-4
0.014379833508263783 3.411863166441162E-4
0.014380843041984231 3.409271145821124E-4
0.014381584749048855 3.414596078105753E-4
0.014380570164918597 3.4120092615824704E-4
0.014384020919775278 3.4155564020895785E-4
0.014381172459898613 3.4190885441167485E-4
0.014386436532098954 3.4191216908667656E-4
0.01438724557487198 3.4191546980515234E-4
0.014385709337744312 3.420054929721489E-4
0.014383573660502866 3.4174892076374596E-4
0.014383779001047332 3.415797954828534E-4
0.014376829458300534 3.4115279711169593E-4
0.014376875966651766 3.4115764547263517E-4
0.01437735145508193 3.4099080428973366E-4
0.014374826989114756 3.4031071572253525E-4
0.01438479294969858 3.4006083960212426E-4
0.014383457777645423 3.4040911464033044E-4
0.014383490139891288 3.4058569993845016E-4
0.014377490803995755 3.410164134057098E-4
0.014382876248225046 3.399193687790773E-4
0.014379271654537666 3.394190444347878E-4
0.014382942821716527 3.395117795122123E-4
0.014381543516343718 3.391828453961289E-4
0.014376870536063286 3.3935977032246707E-4
0.014371125648527643 3.3920031354639914E-4
0.014371266245495784 3.3887401283460374E-4
0.014375752219238374 3.3871618494728066E-4
0.014380386881923139 3.387258088370085E-4
0.01438142358439928 3.3881863280567446E-4
0.014383619114666372 3.3891108323724404E-4
0.01438489387702826 3.39334780750877E-4
0.014390300452660517 3.390121340211787E-4
0.014389409855976464 3.387733508522645E-4
0.014390088569562049 3.3861792906712416E-4
0.014391258043096688 3.384631264922832E-4
0.014394228637437405 3.381447784527984E-4
0.014387193492503341 3.384011171288067E-4
0.014391059680345384 3.3890170686114477E-4
0.014390422925189427 3.3809481641484685E-4
0.014388974352757301 3.381054380991619E-4
0.014390050934340494 3.3762838229338757E-4
0.014391934415149929 3.3780210449758127E-4
0.014388386598731692 3.381370532301235E-4
0.014394305738485621 3.3822830458837263E-4
0.014391573525932282 3.379966488168408E-4
0.014391507821164305 3.375244547426668E-4
0.014392807878434066 3.372147458085982E-4
0.014387448948266992 3.3682607169187935E-4
0.014391552272592959 3.36998992065012E-4
0.014390049676737205 3.3669209665024665E-4
0.014390067251621676 3.3686460801622724E-4
0.014391039359634135 3.368773544562011E-4
0.014394548435657796 3.366518606006393E-4
0.01439859875401635 3.356347853984039E-4
0.014395040636776688 3.3541253590446826E-4
0.014401127008332992 3.355069029434568E-4
0.014396316990691113 3.356797008085038E-4
0.014388851505391275 3.3530135390353233E-4
0.014391461307730221 3.350814284199971E-4
0.014390457451618332 3.3509736500812374E-4
0.014395869314522955 3.347222707101887E-4
0.014400948531541868 3.339583630926541E-4
0.014400321952371837 3.339763284648616E-4
0.014405062643930077 3.339164738414436E-4
0.01440124883371063 3.3370163187851614E-4
0.014399463309196048 3.3395235953195487E-4
0.014402014141080846 3.3389288605610785E-4
0.014407719448293624 3.3337060888933504E-4
0.014409783196737254 3.333894697129793E-4
0.014409532751317065 3.3348514387979936E-4
0.014407441460551989 3.3319675897041566E-4
0.014397621500772654 3.331392390529006E-4
0.014397700794204233 3.3285256280026816E-4
0.014398771891227796 3.330248371467155E-4
0.01439275482316132 3.3281560414379557E-4
0.014390029381382589 3.326831758424201E-4
0.014394448021690702 3.323235515774496E-4
0.014396956571257648 3.327985522753985E-4
0.014398851001786872 3.326668828325809E-4
0.014401795198231999 3.3238473873714857E-4
0.014404879330043875 3.3180226314620477E-4
0.01440592174343897 3.3212434637926077E-4
0.014405984503821493 3.3214499304104873E-4
0.014403199692472234 3.3231542496697824E-4
0.0144012477089834 3.323356506651592E-4
0.014403185058744999 3.320571667808302E-4
0.01439706678524258 3.3207778563206083E-4
0.014397516885428611 3.32023940114579E-4
0.014395737678405355 3.317475194716237E-4
0.014397671007756782 3.318427061463521E-4
0.014396341842334456 3.317155812903496E-4
0.014396937734141295 3.3195820005577146E-4
0.014396720513198357 3.316101453694191E-4
0.014395768122153022 3.314841148723202E-4
0.014394084485400858 3.3121160588256773E-4
0.01439695347646991 3.310867309813498E-4
0.014401642368587137 3.3096229889893053E-4
0.01440295328515899 3.303998667148616E-4
0.014409876282403427 3.2991236624687226E-4
0.014410731158995466 3.300819264196787E-4
0.014409475088625813 3.296693897336683E-4
0.014408586231921197 3.29185743357744E-4
0.014411104818373167 3.2928325345237176E-4
0.014412240777111248 3.2872967177364614E-4
0.014409619446971738 3.286111007329524E-4
0.014408376277237117 3.2813267752370237E-4
0.01440483575342169 3.279436320046093E-4
0.014405543897043948 3.2768344144917734E-4
0.0144064646156203 3.279258998340939E-4
0.014403876011325138 3.278813029945717E-4
0.014399296326708989 3.274797109284317E-4
0.014395445526788102 3.2658036027093145E-4
0.014395594286984604 3.2668068119683606E-4
0.014393539641647007 3.2656747354675E-4
0.014391066423060409 3.265255939073737E-4
0.014391859284810134 3.264838579374294E-4
0.014390811334258923 3.2601808866327764E-4
0.014389061214531254 3.262596636760945E-4
0.014387105703640879 3.25795866642232E-4
0.014383679826134142 3.25896327682527E-4
0.014382091194231592 3.2585601679094067E-4
0.014383241696886236 3.253952673597725E-4
0.014386977452102247 3.2542591946655694E-4
0.014391189576012165 3.249674570001718E-4
0.014393155767777369 3.2485924683040273E-4
0.014390589827950382 3.246817785382172E-4
0.01438733746894887 3.244354019121111E-4
0.014389300221271667 3.2398168628172555E-4
0.014389801661966552 3.2366803844517607E-4
0.014393205999763256 3.2314797157156655E-4
0.014391766085451452 3.234581354286274E-4
0.014391916269684014 3.2287122974004385E-4
0.01439192833167936 3.2283676689619326E-4
0.014387887270791141 3.2293981137273116E-4
0.014389346211690959 3.225624380793638E-4
0.014392306619971743 3.225286587847545E-4
0.014394026833581418 3.229051220070093E-4
0.014394103549482642 3.2293913008693613E-4
0.014394588789294423 3.229730259289752E-4
0.014397180965869458 3.228707755345237E-4
0.014403363602073263 3.224972398654962E-4
0.014405932857193564 3.2178596139954515E-4
0.0144060571089699 3.2155079435238393E-4
0.014403815934320371 3.2091096513255074E-4
0.014404820239608878 3.204081500177921E-4
0.014409997062971212 3.202437330513095E-4
0.014412400108465518 3.199453679741879E-4
0.014412445701710009 3.196479731899997E-4
0.014414501852456916 3.1955261452653656E-4
0.014414543891519107 3.1932373518797066E-4
0.014415855120182588 3.196968560776778E-4
0.014412759998935088 3.199353740341933E-4
0.014408409630898508 3.2003994036203427E-4
0.014403541402701892 3.204765893018048E-4
0.014399817236778984 3.204471953052259E-4
0.01439743043533522 3.203516252268821E-4
0.014399682780827648 3.203225257047713E-4
0.014398691058238955 3.2029351930113137E-4
0.014401066099673846 3.2059436984233395E-4
0.01439717803689582 3.206967177330085E-4
0.014398167324688795 3.2040428279346306E-4
0.01439619974366212 3.205066074588083E-4
0.014394566079455622 3.2067414139018815E-4
0.014394835070478085 3.2038313256975757E-4
0.01439712833857787 3.200277179434853E-4
0.014395109608772804 3.200647673785864E-4
0.014395767193516408 3.1997145865479817E-4
0.014395707508140735 3.198134257270966E-4
0.014396297169054486 3.198506373381584E-4
0.014395912769331163 3.195636623591322E-4
0.014395270725174785 3.196011487980098E-4
0.01439185241364784 3.196385179084391E-4
0.014391541270864365 3.1967577024039854E-4
0.014386271567693598 3.197129063404334E-4
0.014385777159599735 3.194283809032968E-4
0.014385605335099718 3.1985104116932474E-4
0.014382677337790526 3.198877321152768E-4
0.014379502379313729 3.198602992335942E-4
0.014380235819629274 3.195773074014967E-4
0.014378350692951188 3.1955043911096833E-4
0.01438469045372324 3.19141371460848E-4
0.014387320976030505 3.1917887321570383E-4
0.01438371867254696 3.1883515354731907E-4
0.01438507420406759 3.18619330058969E-4
0.014386108963352491 3.189107512676113E-4
0.014382208936267803 3.190116023335047E-4
0.014380151582233922 3.1885962824670103E-4
0.014378415674219483 3.188972166163435E-4
0.014384552148343194 3.1868294351575645E-4
0.01438338039502025 3.1840648176869826E-4
0.014387922036556778 3.180681149100309E-4
0.014388314980945146 3.1798137579256054E-4
0.014385391304581666 3.178323442376693E-4
0.014382289092502503 3.178086849021048E-4
0.014379196252665259 3.1753563186705377E-4
0.014378354542857075 3.171388580660972E-4
0.01437894547253543 3.16929814699479E-4
0.014376057868187327 3.171559946340074E-4
0.014378882173758923 3.1738149534951373E-4
0.014380707630152 3.1704923087187654E-4
0.014382280396634134 3.166561550799021E-4
0.014385082735919985 3.1620254067006646E-4
0.014384179412676673 3.1630487493368654E-4
0.014386662920175222 3.162838446035763E-4
0.014387725957116557 3.164471915375413E-4
0.014386393304512175 3.164260122387189E-4
0.0143889237290324 3.1683368719379436E-4
0.014393893262631532 3.164450070673335E-4
0.014391702355345558 3.1648499967575875E-4
0.014393237973196181 3.163419207243381E-4
0.014394160115965624 3.1619926383472135E-4
0.014396052420009586 3.155705884153794E-4
0.014393446217228363 3.151259083072683E-4
0.014394121486840588 3.152887968181658E-4
0.01439479477619002 3.152695955375376E-4
0.014392987695784043 3.151295530104899E-4
0.014395712926314879 3.149899199645155E-4
0.014392945425791757 3.144890611440816E-4
0.014396023878961847 3.137489250203087E-4
0.01439789143454095 3.1373210493065737E-4
0.014393752618311283 3.1365532430793373E-4
0.014394539447307954 3.137585335575529E-4
0.014392451892202066 3.133827597434592E-4
0.014393895564070482 3.1372506030103266E-4
0.01439485776304989 3.137083962304095E-4
0.014393732009012542 3.130364391899164E-4
0.014392490517992787 3.12961324776814E-4
0.014390658549437375 3.1294583153746553E-4
0.014394111295356268 3.131083418143202E-4
0.014393822356671727 3.131519166615921E-4
0.014388506521838299 3.1360941451579084E-4
0.01438869894874224 3.139474732146622E-4
0.014384290331596798 3.1393068185782647E-4
0.014379540913185572 3.1385504185017896E-4
0.014375393152475427 3.1395605531947426E-4
0.014380595102922805 3.138218654108603E-4
0.014382498122732198 3.1386399345766715E-4
0.014382931684083545 3.136131900282214E-4
0.014382662263896777 3.1348005597657254E-4
0.014382335209132145 3.13172108356755E-4
0.014385332990334584 3.1280671639838777E-4
0.014384770163264391 3.1255881916185786E-4
0.014378161323536625 3.127186700985711E-4
0.014377261757224997 3.1223932123481383E-4
0.014379032103176748 3.122252119682336E-4
0.01438172396820147 3.1203742634504025E-4
0.014376023782336404 3.119079909433864E-4
0.014378308121741908 3.119521476139026E-4
0.01438150868337104 3.1211150632425797E-4
0.014384527570545421 3.119249269048813E-4
0.014388918098265806 3.120838796309584E-4
0.014390080775744636 3.1218496811171565E-4
0.014390093376704575 3.1205640641928864E-4
0.014388101744315587 3.125008294601664E-4
0.014387602399911402 3.1254373691293983E-4
0.014385048678134093 3.1241521244911046E-4
0.014385524364162017 3.1200191535304847E-4
0.014382581925240947 3.1210228029365854E-4
0.014380728092558949 3.119180265503217E-4
0.01438359294774599 3.115639090472715E-4
0.014387697601012897 3.1143761322380574E-4
0.014387939853157766 3.1176473919335726E-4
0.014387163418632663 3.114688437818124E-4
0.014384694724546778 3.113431963205025E-4
0.01438781660367745 3.113306967673727E-4
0.014392901352227478 3.112619059620926E-4
0.014387566251213908 3.1119330259769866E-4
0.014384099346487168 3.1163043472871193E-4
0.014384961237009448 3.111127509057575E-4
0.014388229633850676 3.1115666848982387E-4
0.01438818849204324 3.108648045606583E-4
0.014387923989391255 3.1102067489850374E-4
0.014384982159215663 3.1095295376552844E-4
0.014386449932451736 3.1105256718459706E-4
0.01438240517502363 3.10984985606851E-4
0.014381538640031626 3.1080645139019454E-4
0.01438228371954371 3.104619193343381E-4
0.014380422147988856 3.102291484032831E-4
0.01437690525275454 3.1010768915550936E-4
0.014374724247047485 3.1031817346876986E-4
0.01437713032747256 3.101417241227308E-4
0.014379089005953298 3.1029647880911974E-4
0.014379556147761824 3.1034072351785786E-4
0.014377658105520122 3.0994504760758096E-4
0.014376204329209203 3.0993473972968494E-4
0.014379853542058134 3.0992445922995056E-4
0.014376374715481399 3.0980469277150797E-4
0.014375147151974051 3.0984929584116494E-4
0.014375725023910886 3.101122279340918E-4
0.014375974131428345 3.1015630690691705E-4
0.014380089785591178 3.102002695763837E-4
0.014375980814147702 3.102441164021889E-4
0.01437535941258132 3.105594694661685E-4
0.014383799885024029 3.100601996521976E-4
0.01438847966384042 3.098331489645942E-4
0.01438411068397344 3.09552582699589E-4
0.014383914213862434 3.094348706143333E-4
0.014381991240951906 3.0985715891273586E-4
0.014386379449395116 3.097932553586685E-4
0.014385803990022544 3.097295184370755E-4
0.014385982647493464 3.096659474970491E-4
0.014393462481697704 3.0938778773276953E-4
0.014392558352746195 3.092712069039789E-4
0.014392941751608292 3.094226748382515E-4
0.014392575438534139 3.089854714096621E-4
0.014398352306085379 3.086562206081395E-4
0.01439878007489193 3.082211371551153E-4
0.014404267663983639 3.0831990536174764E-4
0.0144038886438733 3.084184190111469E-4
0.014401916526507156 3.0835727180070373E-4
0.014401966042480579 3.0781867460571765E-4
0.014402174429351107 3.0754645690887555E-4
0.01440592868526107 3.07645456960653E-4
0.014408404600328262 3.075327490126426E-4
0.014410979775170042 3.0720914524387E-4
0.01440996282809469 3.0704455382290927E-4
0.014411581542040752 3.0751231830250384E-4
0.014411250144592673 3.074003542658943E-4
0.014411182227080417 3.0686845642853523E-4
0.014411376785133207 3.064952920809764E-4
0.014414033368274487 3.060706808321014E-4
0.014414694768057436 3.061180944309991E-4
0.014410232878575846 3.0590408111614816E-4
0.014411628144992418 3.060559760631924E-4
0.014407859077142333 3.06155358034445E-4
0.014412637956319599 3.0651480768630534E-4
0.014416884817074082 3.067173576403037E-4
0.014418368561439958 3.0671166728280625E-4
0.014418707493995217 3.06757858668585E-4
0.014417802319208568 3.0628591046578165E-4
0.014417985899528637 3.0612556980433477E-4
0.014415998766942799 3.0622399399393566E-4
0.014419125804946364 3.066318207750586E-4
0.014419874025877622 3.064201051132901E-4
0.01441732569867227 3.0651779388159715E-4
0.014420850724035391 3.061525016288182E-4
0.014424983196901576 3.063529829342064E-4
0.014427515488350815 3.065016785879876E-4
0.014431065974782378 3.065987813407268E-4
0.014430207862887932 3.0608171798603113E-4
0.014430527109190584 3.0577032304029685E-4
0.014428140765505524 3.061231396149809E-4
0.01442713653025819 3.0616925920849653E-4
0.014427967463938205 3.058080000909767E-4
0.014429914950383198 3.052950944924678E-4
0.01443160373152985 3.052912795219108E-4
0.014430498735841608 3.051353124249937E-4
0.01442838328647573 3.0487841153706806E-4
0.014431737410011162 3.0477392886308155E-4
0.014434123171858966 3.0477077047209855E-4
0.014432111994969793 3.047171473254292E-4
0.014433079969585892 3.0400831406418984E-4
0.01443374348704243 3.042074984021129E-4
0.014431740121621559 3.0430562142147146E-4
0.014430093218657352 3.0460441317768227E-4
0.014428400152046727 3.0475198130775584E-4
0.014431270746169239 3.0504950614236657E-4
0.014433133496743992 3.0509608857172426E-4
0.014431742800403751 3.046927054475054E-4
0.014431254084906892 3.048394530639272E-4
0.014431364904765322 3.0493598331058345E-4
0.01443396559519906 3.0513188619098246E-4
0.014433923652875798 3.049293749735212E-4
0.014435421981286074 3.046279853548202E-4
0.014432103259348614 3.0472430568167174E-4
0.014435186211190526 3.045725766984182E-4
0.014434994493918224 3.044707157546121E-4
0.014434753790954446 3.0431965389458436E-4
0.014431748061839578 3.040701819267269E-4
0.014428897495113032 3.0411726654851396E-4
0.014426250803185041 3.039178993756617E-4
0.0144277931991869 3.036205891282924E-4
0.014427808254847184 3.0366804082023797E-4
0.014429541499486446 3.0361719539298093E-4
0.014431515796317396 3.032722677439394E-4
0.014429224526177013 3.032220124281064E-4
0.01443153694361006 3.0292728800797005E-4
0.014429348791063603 3.0282870015182356E-4
0.01443155799091554 3.031207613159784E-4
0.014438051479374778 3.029246890779413E-4
0.014435571264328644 3.028751399593314E-4
0.01443470166706681 3.023880416249879E-4
0.014433542681890772 3.0204780641707597E-4
0.01443161017636154 3.0190243186503586E-4
0.014431911289858091 3.0161202361382475E-4
0.01443337333355323 3.0117709174679096E-4
0.014433043194456908 3.00936557785455E-4
0.014430685719485753 3.0093802792071153E-4
0.014434700360431735 3.0118065400736255E-4
0.014435092462519084 3.014227138721078E-4
0.014434761858885953 3.012311344569866E-4
0.014435921991343841 3.007996839407786E-4
0.014437511493705788 3.008013046843709E-4
0.014436124293170436 3.006111145229468E-4
0.014436129299737319 3.004692617945342E-4
0.014433598739884076 3.0075830372180225E-4
0.014435565854673647 3.007599648557237E-4
0.01443604878989732 3.008093521915695E-4
0.014438962031083042 3.008586254689035E-4
0.014437344657803941 3.0081254520480623E-4
0.014437586049198745 3.0090926634776825E-4
0.014434501161113576 3.011007855707984E-4
0.014434270708651564 3.0124440878764603E-4
0.014432049932944715 3.01245498471506E-4
0.014428697925431697 3.01009851212669E-4
0.014427008840092417 3.0063286584812665E-4
0.014429905758646926 3.0058741295413237E-4
0.014432088287325883 3.0025895661349867E-4
0.014432851912277275 3.003554264087979E-4
0.014431071640370895 3.001692144923665E-4
0.014429530540421771 2.9970128674704655E-4
0.014429730830935012 2.9989200140508314E-4
0.014430868995491012 2.996131179964782E-4
0.014431395354531406 2.9956918373824957E-4
0.014434073783504732 2.992912987247513E-4
0.01443328612313379 2.9948161375582317E-4
0.014428763911140813 2.9948468152694754E-4
0.014432649170415509 2.9944109096759165E-4
0.014436805251815555 2.9911800634449016E-4
0.014437647181315882 2.994472971287236E-4
0.014434953686417692 2.9926441455954586E-4
0.014434866974711892 2.993141508877832E-4
0.014437099923421877 2.992709968266697E-4
0.014438123091483523 2.9908892789162116E-4
0.01443937539194264 2.992312642776488E-4
0.014436926210256688 2.991883480091373E-4
0.01443771523041488 2.992840730083391E-4
0.014436149849596664 2.9901054287294744E-4
0.014434265412252895 2.989680166381531E-4
0.014431142439488273 2.990636671182615E-4
0.014430003391983838 2.992510566550572E-4
0.014435939313425636 2.9948395420949415E-4
0.014435852566388461 2.9930346934448223E-4
0.014434528791989327 2.9926085399171017E-4
0.014435725421503835 2.993556496051288E-4
0.014432621582545794 2.994959567309576E-4
0.014434548408676837 2.9949894076491626E-4
0.014434509298243928 2.992738160665744E-4
0.014438070309983815 2.991858985538786E-4
0.014439438517538207 2.989160955806473E-4
0.014436620499087156 2.98828765684153E-4
0.014435716307355673 2.9915040503099093E-4
0.014437899246937263 2.993805979464445E-4
0.014438763115168455 2.996102854987472E-4
0.01443831225109973 2.997489288087572E-4
0.014441525250305598 2.993446201693548E-4
0.014439852728081314 2.9943807955351906E-4
0.014437687521363247 2.9926060359302184E-4
0.014437239800362302 2.9903844255063357E-4
0.014440124789803046 2.991319300694394E-4
0.014439495491706056 2.9927018829837074E-4
0.01443576770720845 2.9940814563888195E-4
0.01443254166936872 2.9945604983966877E-4
0.01443434336074958 2.992797105626425E-4
0.014434439531646479 2.992380916102935E-4
0.014432746263952799 2.991518320847828E-4
0.014435122754750757 2.991104416133677E-4
0.014432628996838141 2.988459704352264E-4
0.014433127876226104 2.987604138252144E-4
0.014433046688635737 2.9849689083493136E-4
0.014431630983553129 2.9841189477752757E-4
0.014431640465760093 2.977937793971103E-4
0.014434935088901056 2.9766532808876017E-4
0.014433566263734576 2.974928063353873E-4
0.014434902603110198 2.975864476347007E-4
0.01443535105136319 2.972816262705692E-4
0.014436063763026342 2.9750790499843125E-4
0.014437128203536705 2.972038196614279E-4
0.014442072005125125 2.970768220577631E-4
0.01444215838818016 2.9655353375272357E-4
0.014442332617938564 2.964715156459128E-4
0.014441187419510056 2.965655465102891E-4
0.014443250948680438 2.963080029521215E-4
0.014441887832750817 2.962265072524533E-4
0.014441491838842833 2.96408155834097E-4
0.014439608094597736 2.9637050883586045E-4
0.014434666843364486 2.9633294159821336E-4
0.01443362440677621 2.9647021148459455E-4
0.01443450447578858 2.9651990471808086E-4
0.014436254628856537 2.966130901379091E-4
0.014435562225411432 2.964447720847027E-4
0.014434914786448752 2.9649433503336245E-4
0.014435268278093855 2.9636995579925495E-4
0.014435403957522379 2.959853555734245E-4
0.014437621023520149 2.959051404410617E-4
0.014435284558290275 2.9565180304483036E-4
0.014434684080909222 2.9500950159450844E-4
0.014433133758755644 2.9484409643650196E-4
0.014431932173568363 2.9489497082345377E-4
0.014428489737649472 2.946868894419932E-4
0.014426562867403342 2.946947251768446E-4
0.014424769170464069 2.94616441364944E-4
0.014426892825300602 2.9453832064431796E-4
0.014426563226167472 2.9450332451097045E-4
0.014427135576539388 2.944684011346567E-4
0.014426463427615568 2.9426205916957955E-4
0.014429390250891136 2.9401331699391905E-4
0.014430129028073299 2.938078742703665E-4
0.014428002720184173 2.9390203433560973E-4
0.014425197683054995 2.9369713159975664E-4
0.014423933889318195 2.937059088640438E-4
0.014422587489403501 2.93586846071234E-4
0.014421669499457009 2.935105921573094E-4
0.014425983305465845 2.934344953060292E-4
0.014425445993036048 2.9335855503263174E-4
0.014424782488585752 2.931554743889864E-4
0.014424289900928715 2.931647537001165E-4
0.014424729916233564 2.933010493211712E-4
0.014426184271349654 2.9352166910474946E-4
0.01442641015478583 2.934460282454452E-4
0.014425200258751046 2.9307503551823555E-4
0.014421715540957022 2.930843496019039E-4
0.014424009617188897 2.9317790281383605E-4
0.014423984279624887 2.930187485558183E-4
0.014423706734070585 2.9302809150375523E-4
0.014425991783423712 2.9261741048910376E-4
0.014425544930592555 2.923334376277331E-4
0.0144265660176074 2.9255302394292704E-4
0.014425993870669432 2.923534378017734E-4
0.014422913066262264 2.925725588962942E-4
0.014422387562777882 2.925822967146482E-4
0.014424159134913605 2.923832863931627E-4
0.014422632549865514 2.9243489924565716E-4
0.01442310879483042 2.922364392956268E-4
0.01442512399899552 2.923713350062445E-4
0.014425763085862407 2.9204860619754474E-4
0.01442831152909265 2.9214188375398107E-4
0.01442608304480156 2.918200342506777E-4
0.014427216671364014 2.916646402159867E-4
0.014427312755873873 2.916337900618051E-4
0.014427739601632674 2.913134171538948E-4
0.014428330904104399 2.91324308151168E-4
0.014431522072647942 2.9158289628804354E-4
0.014429468719535593 2.9142851534839367E-4
0.014428531975059377 2.9123323847555626E-4
0.014427061979495264 2.9128532897594226E-4
0.014429542624107118 2.91255071712517E-4
0.014431854007786666 2.909783881733999E-4
0.014431411099824218 2.911126571555619E-4
0.014431748061839576 2.9108266150446087E-4
0.014430241208541434 2.9125751945054893E-4
0.014431028762552346 2.912274396854811E-4
0.014432673188956885 2.911565417744696E-4
0.014436029527921638 2.9116745867027114E-4
0.014436564246060003 2.9109676014348653E-4
0.014436486558729204 2.906593913448935E-4
0.01443775266769372 2.906707662286063E-4
0.01443616893793583 2.9072279504056115E-4
0.014435888687549374 2.9073408512755833E-4
0.014434756464965464 2.9074535301182796E-4
0.014436424863249453 2.9071604228833597E-4
0.014437360686890308 2.909298891144456E-4
0.014436027966496342 2.9106236273710595E-4
0.014435830101219814 2.905880173086033E-4
0.01443490546389413 2.9047817977956487E-4
0.014436404129100825 2.9057034822288464E-4
0.014434069577911973 2.907026554846083E-4
0.014436130047384645 2.9067358658803506E-4
0.014440319233103412 2.9076529507800317E-4
0.014440600758058864 2.9057541756455417E-4
0.014443331614388825 2.908678528898409E-4
0.014440279462136682 2.9095910521676594E-4
0.014438996930981178 2.91250600194186E-4
0.014437236346691949 2.9078067301672897E-4
0.014436239293817736 2.905917005513693E-4
0.014439400797329546 2.905629641873281E-4
0.014440479882729626 2.903745677894351E-4
0.014442793483032235 2.9038598707024677E-4
0.014441157286609984 2.9007856973520523E-4
0.014439165925299055 2.900504390377718E-4
0.014435388524306677 2.897837123285835E-4
0.014436108647689076 2.897956563238684E-4
0.014433254517157318 2.897678788048041E-4
0.014433261419594078 2.897004942426134E-4
0.014432356994771404 2.8963323901739406E-4
0.014430860538832396 2.896848658355583E-4
0.014428338742138226 2.8973639375177193E-4
0.014426453909448187 2.898668402498352E-4
0.014427059342859642 2.896812706977473E-4
0.014428452282356882 2.8941718936460726E-4
0.01443212750273495 2.895081715286633E-4
0.014431112120266728 2.895989802281551E-4
0.014431121003917732 2.89257090857494E-4
0.014430422775739924 2.891515503929594E-4
0.014430510789192353 2.8873224489559793E-4
0.014430598635477724 2.8858819487736695E-4
0.014432762390790492 2.8840524695885467E-4
0.01443179131533051 2.8845745052606214E-4
0.014431604020068982 2.885877493269165E-4
0.014431182718817789 2.883662610132987E-4
0.01443056709825454 2.882622608257923E-4
0.014428822037766907 2.885873063008313E-4
0.014428677200001174 2.8828854622693173E-4
0.014428921763314487 2.882238261546762E-4
0.014428193961938583 2.880037233069157E-4
0.014425525550267385 2.8786171376071756E-4
0.014424724702690293 2.877587742389795E-4
0.014424351792250663 2.8800492792047024E-4
0.014423863390591617 2.8770839574415394E-4
0.014424575418078057 2.879541352467617E-4
0.014424976850105277 2.8808344128513415E-4
0.014422287803349823 2.877104246460472E-4
0.014423115063514375 2.877625457541935E-4
0.014424403372533142 2.880458663762342E-4
0.014423301440126643 2.8802055030358574E-4
0.014424625651747717 2.8818766952153297E-4
0.014424448167452945 2.879316177946974E-4
0.01442599928490753 2.8806010278672854E-4
0.01442781611163129 2.879964972539937E-4
0.014426831130370328 2.8804801397925694E-4
0.014425733079073862 2.879845376671837E-4
0.014427200728173205 2.88112497302551E-4
0.014426295509228077 2.8804907883242243E-4
0.014428371008524073 2.879475848303862E-4
0.014431472925702312 2.876173330339021E-4
0.014431748061839576 2.8751642512032634E-4
0.014431946516015462 2.875680520439815E-4
0.014434694092510358 2.8765763586448956E-4
0.014433406804578134 2.8755696959079416E-4
0.014434742646520999 2.8738052443824137E-4
0.014434937618710309 2.8773566357554554E-4
0.014437065759760219 2.8759729067575013E-4
0.01443934150600796 2.874212941602363E-4
0.014438055857879729 2.873591486564819E-4
0.01443526023888973 2.871458844194638E-4
0.014432734150225899 2.87197425248323E-4
0.014432326064711584 2.874375669483034E-4
0.014431089224364847 2.8748874726192386E-4
0.014428686866304403 2.873891535715673E-4
0.014428283586205291 2.8755319214731E-4
0.01442882107908751 2.8764172885509487E-4
0.014428944353278166 2.8746713318622384E-4
0.014424188091241876 2.8721778862414557E-4
0.01442439034764265 2.8719389148324864E-4
0.014424854492333553 2.8698271245452834E-4
0.0144259915549532 2.870713650246466E-4
0.014423312045297138 2.867858851903556E-4
0.01442388799571572 2.8698664543732694E-4
0.01442237244959805 2.869630653207442E-4
0.014420859641594425 2.870887111372822E-4
0.014423597451935877 2.8721413015631736E-4
0.014425436839096917 2.87153180128732E-4
0.014425487550449761 2.8731551012065303E-4
0.01442208214595431 2.8699444768223183E-4
0.014423212498846268 2.8674821896570074E-4
0.014422671555585706 2.867991909256262E-4
0.014422650444195493 2.8681300989555786E-4
0.014422518285955038 2.869378887963049E-4
0.014421128532518143 2.8661860318003076E-4
0.01442136759280723 2.865216608876865E-4
0.014421938585351962 2.8646182089544706E-4
0.014421475472785692 2.864020878558298E-4
0.014420423380249967 2.862687356128325E-4
0.014419630975130477 2.8635660159113984E-4
0.014420385465965906 2.862603248184482E-4
0.014419300390168826 2.860171616751551E-4
0.014416454121114463 2.8592135820625477E-4
0.014415080876073808 2.858991232536243E-4
0.014412720074499305 2.8595026080878335E-4
0.014412891206555263 2.85854771724331E-4
0.014412439809761948 2.857960534422743E-4
0.014413305699348768 2.8584714640677417E-4
0.014413402785391546 2.85971222369448E-4
0.014411601470468285 2.8580304364831245E-4
0.014413414082078775 2.8570810638593047E-4
0.014414676894459577 2.857590965924413E-4
0.014415646216963668 2.8562795768512727E-4
0.014417559601155174 2.8531517106252755E-4
0.01441783414848018 2.851846538130869E-4
0.01441582057111615 2.8505436614544006E-4
0.014415878484885616 2.851419866473293E-4
0.014417494961526509 2.851932052809688E-4
0.014418058331961846 2.850632529743173E-4
0.014417969394329128 2.849335284543562E-4
0.014421278974776052 2.8494864228533287E-4
0.014419164590042905 2.850359719922536E-4
0.014415682497500335 2.847983427465435E-4
0.014412819474357715 2.849938253800345E-4
0.014408124091016761 2.8515294025418907E-4
0.01441020399129399 2.850598113286243E-4
0.014413467074731696 2.8485895313219944E-4
0.014415430906910512 2.849099723290924E-4
0.014415021838392005 2.852122118478433E-4
0.01441497218169485 2.851910952749929E-4
0.014414528382599365 2.8509833743415637E-4
0.014415231205516058 2.8518477989717566E-4
0.014413786199263087 2.851995188430445E-4
0.014414702923010171 2.852499781430614E-4
0.0144144394672449 2.8540749500553363E-4
0.014414747412259628 2.853149509844668E-4
0.014414840905796273 2.855077929595186E-4
0.014416644118388739 2.8562905714525486E-4
0.014419583159564538 2.8578570405388923E-4
0.014420525713788926 2.854797862562842E-4
0.014419299282805617 2.853875782325104E-4
0.014419210960544415 2.854375287330524E-4
0.014414618164747177 2.8541645442700745E-4
0.014416837550136796 2.8560805056749433E-4
0.014419265580595739 2.855514575134604E-4
0.014419495994730119 2.854242048298144E-4
0.014418170701455851 2.8533251806423345E-4
0.014417448077868836 2.849231281259712E-4
0.014417997042979896 2.8511432712594384E-4
0.014418368783185004 2.846705652695623E-4
0.014419338754445949 2.847559713549086E-4
0.014419427138225357 2.8438366632150164E-4
0.014419269199878616 2.8446917128825965E-4
0.014419673729334118 2.8430856866483635E-4
0.014420288216155841 2.843588845166199E-4
0.014423707877133032 2.844091148699298E-4
0.014423932368642615 2.8452935584561626E-4
0.01442524204430139 2.845093199513427E-4
0.014425779752109456 2.8438435237146734E-4
0.014423659671244782 2.844693499539602E-4
0.01442206711784686 2.844843450245827E-4
0.014425014233432948 2.842201161851428E-4
0.014424608817788696 2.8433990745882785E-4
0.014426015814086871 2.843898147186621E-4
0.014424705137557614 2.8412633395411626E-4
0.014425170562280779 2.840024259859143E-4
0.014425496191720127 2.8387872661698554E-4
0.01442780052468873 2.840677486787828E-4
0.014428956065443279 2.840482858954366E-4
0.014428237734345714 2.8434084436142914E-4
0.01442668933695268 2.843558214411845E-4
0.01442448599701401 2.842669515679154E-4
0.01442408441921972 2.844548569335151E-4
0.0144236489641607 2.845387997287971E-4
0.01442110848837194 2.843809588333428E-4
0.014419469039827812 2.843268565699603E-4
0.014420485967236031 2.844451588468034E-4
0.014422499787276645 2.845632637887396E-4
0.014424131791486971 2.845435502659966E-4
0.014426001715264425 2.8462699984720347E-4
0.01442247586674901 2.8457291794180983E-4
0.014423417428872253 2.845532455549063E-4
0.014423980224815674 2.8436215033586813E-4
0.01442238354003822 2.844112108006206E-4
0.014423357070757873 2.843574872009216E-4
0.014422789724117617 2.842696467497457E-4
0.01442290686790115 2.842503068405961E-4
0.014421009010016687 2.8447004392759864E-4
0.014421298037156579 2.8445057036773856E-4
0.014421518401184873 2.842606645307982E-4
0.014424599841264572 2.844117196517805E-4
0.014423115286184209 2.8442637901186096E-4
0.014425442144321832 2.844410142214312E-4
0.014425148662368829 2.8435368339707704E-4
0.014426349582051483 2.8436835431815653E-4
0.014426768257659513 2.84315151520495E-4
0.01442535581040581 2.8419424218073975E-4
0.01442482627829137 2.838025780610146E-4
0.014424737552237865 2.8358076292727606E-4
0.014424953294517293 2.8369744779320634E-4
0.014425810617620924 2.83645011706276E-4
0.01442558627087331 2.834576278879002E-4
0.01442765598442385 2.836078581520124E-4
0.014426284586877032 2.8389265616077995E-4
0.014424140883943304 2.838739076944963E-4
0.014425903880186495 2.8409072801832013E-4
0.01442628554747469 2.839037442022084E-4
0.014426129096678664 2.835490968653221E-4
0.014426610659015418 2.838327849320104E-4
0.014429707479561828 2.8404893412786346E-4
0.014430721543751968 2.8406366187892E-4
0.014431298663531301 2.838439736818568E-4
0.014430603465042413 2.8395921599186217E-4
0.014428104153276278 2.838068288443104E-4
0.014427679890711892 2.839553180371234E-4
0.014428557989922373 2.838365567256129E-4
0.014429067827780126 2.836846379308149E-4
0.014429510197801249 2.834663195102895E-4
0.01442868662327117 2.831151710003364E-4
0.014428063988362898 2.8316381309490717E-4
0.01443060034019249 2.8317913492287403E-4
0.014430774332186291 2.831944320978596E-4
0.014430582971012696 2.832428931736351E-4
0.014428700663565023 2.8309230537893E-4
0.014428014245478874 2.827762831868934E-4
0.014429679642475662 2.8275874569957184E-4
0.014432004012985795 2.827743184381378E-4
0.014433696604478524 2.827237549722658E-4
0.014433768057537096 2.8283841835567046E-4
0.014434565457683114 2.829198956369974E-4
0.014433943597654693 2.828693370538724E-4
0.01443473958491931 2.828518092800836E-4
0.01443517214050067 2.8270261412815823E-4
0.014434255205185298 2.828168375306285E-4
0.014434227257941438 2.828980076419063E-4
0.014435874463225865 2.8294620334812795E-4
0.014438602081593126 2.828630458435836E-4
0.01443627523274484 2.828456065986698E-4
0.014434902321847938 2.830247973538246E-4
0.01443526686505827 2.83007257495889E-4
0.014439785651338386 2.8272802444005577E-4
0.014440211129273954 2.8284150421819366E-4
0.014439852013346962 2.829221410798052E-4
0.014444323820975642 2.829373753741533E-4
0.014444809929535549 2.8262646801137874E-4
0.01444584923309208 2.8257673958324343E-4
0.014444509993941056 2.8249452927019006E-4
0.014444018766719536 2.8264019116293294E-4
0.014446356599984313 2.823955151289205E-4
0.014447293965424825 2.8250854224858945E-4
0.014447126287401038 2.8197223305308894E-4
0.014446083197129693 2.8185838807480543E-4
0.01444500933738707 2.8190675669512557E-4
0.014442382847328152 2.8172837853444925E-4
0.014442446037046306 2.817767732302394E-4
0.014442185819365275 2.81986746348326E-4
0.014442927480815913 2.8190564096200585E-4
0.014440665915833666 2.8201834412327744E-4
0.014438472394682548 2.820663610500269E-4
0.014436282298232675 2.8192092367900086E-4
0.014437444912261663 2.820333511833293E-4
0.014436739294435504 2.821777830773104E-4
0.014435520302345121 2.8190398039659145E-4
0.014433757004967834 2.818233812387976E-4
0.01443273485517545 2.816786982741997E-4
0.014432997479102502 2.81726717941712E-4
0.014433740516116617 2.814861705116076E-4
0.014430638817284366 2.8169441432426476E-4
0.014430870450265037 2.8148626990610637E-4
0.014433500242234098 2.814703293689962E-4
0.01443302628124926 2.817100573895772E-4
0.014432616914924788 2.8166203766194736E-4
0.014430995749704786 2.817098104383773E-4
0.014430461057755962 2.81534339234821E-4
0.01442903519894738 2.8129542510575635E-4
0.014425924427193693 2.815025315204991E-4
0.014423009295243629 2.813594333365583E-4
0.014421719599088379 2.8137547189706135E-4
0.0144238618413801 2.8155027996336644E-4
0.014422827347947096 2.814392094758455E-4
0.014423506786373726 2.8145514980914334E-4
0.01442225235328864 2.8147106567531413E-4
0.01442422930864936 2.8129698863249016E-4
0.014424906110849175 2.8124972699335746E-4
0.014424254133527114 2.811709248001247E-4
0.014424361283703932 2.812817756489602E-4
0.01442342663849149 2.8117150485389115E-4
0.01442485895722894 2.8131372637131444E-4
0.014426478187633653 2.812035995387396E-4
0.014429543596480842 2.81219610159557E-4
0.014426782686044307 2.810782545792258E-4
0.014423365648871495 2.8103144749239037E-4
0.014422561711005968 2.81204654882498E-4
0.014421570616451574 2.8109502972722505E-4
0.014420769264382518 2.8101694388596676E-4
0.014421787364816297 2.8109572107154745E-4
0.014422991870956246 2.810490783010562E-4
0.014422942496512743 2.81065108964535E-4
0.01442364386027776 2.8086217184781944E-4
0.014423562813065614 2.807845578363003E-4
0.014425668011072612 2.808632128585844E-4
0.01442386918696124 2.808169221077948E-4
0.014423258039701577 2.8061478554645947E-4
0.014421619547706625 2.8047527332247406E-4
0.014422038510554468 2.802736992965144E-4
0.014420683420892247 2.8010354172495176E-4
0.014417713732479133 2.802445326356717E-4
0.01441797935935408 2.8029211388302076E-4
0.01441839979914701 2.802154536941097E-4
0.014419595085892412 2.8044910018416635E-4
0.01442184243718903 2.804654248262427E-4
0.01442163958055595 2.804507523668811E-4
0.014424160574420135 2.805598994672268E-4
0.014424605735615994 2.803905471843545E-4
0.014423814108039612 2.8031415760010824E-4
0.014423733903391134 2.8029964217669514E-4
0.014422728112644985 2.803777190489812E-4
0.014424560535774355 2.8027067637284185E-4
0.014424788061764327 2.8028703670646637E-4
0.014424707370065046 2.8030337263989174E-4
0.014425888159250753 2.801966246540936E-4
0.014423839281492056 2.803359715241658E-4
0.014425111116787131 2.8032151547131834E-4
0.014426288972058873 2.7990802936789705E-4
0.014426728913959932 2.798939127312916E-4
0.014425788921342966 2.796959128813798E-4
0.014425646650273098 2.7980448637644414E-4
0.014428106036676484 2.797598726352937E-4
0.014428910320067155 2.7989882048605334E-4
0.014430385731618998 2.799458828027644E-4
0.014431034452364409 2.7971803941901035E-4
0.014431407581222237 2.796736214664198E-4
0.01443190212787182 2.797207458304494E-4
0.014431177155281099 2.7955451251384614E-4
0.014431001302682975 2.793580771173757E-4
0.014431890578123063 2.793140553579409E-4
0.014432626531777031 2.7923969601130846E-4
0.014434029763433368 2.790439259001153E-4
0.014435643435490598 2.7921273621790514E-4
0.01443558628893987 2.791992860344215E-4
0.014435195781843511 2.7918585560157466E-4
0.01443229170365307 2.7911186309022447E-4
0.01443583911363937 2.790379790722929E-4
0.014437173330683499 2.789037102881854E-4
0.014436903702748466 2.789509842999527E-4
0.014439594290596386 2.789679868889286E-4
0.01444065121508898 2.788642438982923E-4
0.014441465330418363 2.788209687380773E-4
0.014441042676262414 2.786270761440351E-4
0.014439054703352125 2.7840335225769153E-4
0.014441463088341265 2.786012451824503E-4
0.014441131570139676 2.7846807682380733E-4
0.014442122663627648 2.782750055269195E-4
0.014442932156309382 2.78442533492423E-4
0.014442720312115328 2.7839978495759136E-4
0.014442478792686318 2.7841706436098425E-4
0.014443406109272717 2.7849424101768563E-4
0.014444601535902058 2.7842160854604927E-4
0.014447500541445831 2.7852858780379E-4
0.014447824285666426 2.784859317297569E-4
0.014447191579040215 2.784433373866558E-4
0.0144489181622773 2.7831124610059596E-4
0.014448464567253853 2.7808985186784046E-4
0.014448756870687713 2.781370649786672E-4
0.014449614728699402 2.7809484527057575E-4
0.014448566277497148 2.7826105371529347E-4
0.014447697808877029 2.7833778674380934E-4
0.01444757368806869 2.783549615002428E-4
0.014448489333651907 2.7828300401904204E-4
0.014449789517724673 2.781517876888815E-4
0.014448981985604641 2.781690590507643E-4
0.014447671757710294 2.7812702853426276E-4
0.014447192693438558 2.782923792728276E-4
0.014448075734204407 2.7816153246959665E-4
0.014449815180442709 2.7803087312596933E-4
0.014451877226869818 2.780777229020872E-4
0.014451366992570174 2.779177778941692E-4
0.014451064067689494 2.7769903868764544E-4
0.014449994826515605 2.7780500579160277E-4
0.014451107839813786 2.776750672355527E-4
0.014449775058217526 2.775747623200487E-4
0.014449650695386356 2.774746003908815E-4
0.014452614174331269 2.775804254505949E-4
0.014452987519605021 2.7753917286989254E-4
0.01445192147330676 2.773511564701984E-4
0.014450299413391487 2.7733946910703337E-4
0.01445240365174347 2.7729847555622167E-4
0.014452190046983752 2.775212579951169E-4
0.014451098309317312 2.7742163127008376E-4
0.014449920337784493 2.7714658309349377E-4
0.014449007192261212 2.771643217197943E-4
0.014447160330325472 2.7709437815356036E-4
0.01444712637921979 2.770245335174061E-4
0.014447034120642983 2.771298539772723E-4
0.014447962491698793 2.77030925814646E-4
0.014447490998171058 2.76932137282454E-4
0.01444745690964406 2.7712464807776025E-4
0.014446520909265159 2.7717141013715763E-4
0.014447825001488068 2.772471813252972E-4
0.014447819804410195 2.772356822789717E-4
0.014448250126107383 2.7704999481949303E-4
0.01444949222643474 2.7715470528288623E-4
0.014449340902904355 2.7728826200049735E-4
0.014448871089051714 2.771029285639357E-4
0.014447330685866124 2.768309970951681E-4
0.014447615180706542 2.766173114826048E-4
0.014450877223981423 2.766930462065632E-4
0.014449627569531966 2.7636418870763364E-4
0.01445146893145365 2.763822511794671E-4
0.014452615284004088 2.76400288406756E-4
0.014452231974185442 2.762164810230225E-4
0.014449285000223471 2.7591768527015814E-4
0.01444746499065361 2.758208441895642E-4
0.014447977974436173 2.757241380791174E-4
0.014450071550707396 2.757713218341894E-4
0.014451099165135161 2.7576097786387825E-4
0.01444965620021308 2.756932261843005E-4
0.014449678486690182 2.7562556866967053E-4
0.014448697251212004 2.7558667629529155E-4
0.014449952177046598 2.754618840763258E-4
0.014449458846602026 2.75509053373334E-4
0.0144497673237077 2.752700416530715E-4
0.014451161860057987 2.752315032236472E-4
0.014450497284898344 2.7513587420805873E-4
0.014449890733337727 2.7498327305150585E-4
0.014447687201704456 2.748594152876597E-4
0.014445401175321506 2.748212668997291E-4
0.014446195557938916 2.7481166425624866E-4
0.014449152826240229 2.7443192014736184E-4
0.014446187624645859 2.743372376218974E-4
0.014445302205385707 2.7404364597557996E-4
0.014445838737388573 2.739777756498095E-4
0.014445380702605565 2.7394039103764597E-4
0.014443220761880019 2.737044286665097E-4
0.014440751870965721 2.7380906366346124E-4
0.014442706885160108 2.737151985378848E-4
0.014443243357259147 2.735648277582519E-4
0.014441515270140337 2.7358444989373614E-4
0.014442447721340663 2.736323235652902E-4
0.014442813714881118 2.7356709546061256E-4
0.01444374400236931 2.735866757807009E-4
0.014444757679389842 2.7363444976195986E-4
0.01444359848288041 2.737667619350467E-4
0.01444311723454804 2.734198011373458E-4
0.01444410110205277 2.731296390405047E-4
0.01444519620214967 2.7295244645417866E-4
0.014445924194255886 2.72972365443944E-4
0.014448421820598021 2.7279552116174944E-4
0.014448472562847741 2.728155198027481E-4
0.01444908457515468 2.7280742430084074E-4
0.014451574964227838 2.729676271091238E-4
0.014451062885629607 2.729314104916459E-4
0.014449935285623423 2.729512626713869E-4
0.014450684600752498 2.7294309709431934E-4
0.01445003430681864 2.729908863309512E-4
0.014450307340343568 2.7295475204742596E-4
0.014452088441681317 2.729186666600895E-4
0.014451187281390776 2.7305012088896095E-4
0.014451431086157552 2.730977086521187E-4
0.014450810361076625 2.730615998343686E-4
0.0144488532595297 2.7308125700278645E-4
0.014450156058976853 2.7285032907563327E-4
0.014450066048487675 2.72703175620618E-4
0.014449809345136119 2.7266742974448553E-4
0.014450719900100772 2.7274286653287787E-4
0.014449852273307773 2.725405523172988E-4
0.014448930320089847 2.7239400261939273E-4
0.01444770460095532 2.722476497645999E-4
0.01444739492578526 2.724340019761853E-4
0.014448747094053372 2.722601281417948E-4
0.014448713854356886 2.7214183119851317E-4
0.014450644048720426 2.7207899947140845E-4
0.014449669998427556 2.719609821282319E-4
0.014449470509830142 2.718707390470081E-4
0.014449712854633881 2.7169782285439643E-4
0.01444951360392624 2.7149755819515296E-4
0.014450113890349746 2.715731716391455E-4
0.014451016345407963 2.715935988251299E-4
0.014450156040416964 2.7136627985326924E-4
0.014449241869760484 2.7133180568252366E-4
0.014445717587308197 2.714623034624694E-4
0.014446181055468127 2.715651582068245E-4
0.014447110576381733 2.715306205680995E-4
0.01444672208373083 2.7149612882656864E-4
0.014448746597610727 2.71352024226971E-4
0.014448960257366314 2.712081108743539E-4
0.014447257152264614 2.7131079315111366E-4
0.014447690397190047 2.7130389868016997E-4
0.014447685595571923 2.7135169742962834E-4
0.014447025025533458 2.713994329113841E-4
0.01444685683506169 2.71692858149378E-4
0.014444915157960918 2.714674267434856E-4
0.014445430328401863 2.714604515848025E-4
0.014445590545264578 2.7137173021458044E-4
0.014445641615437686 2.7125589206059036E-4
0.0144444951196481 2.71249070138663E-4
0.014444247666717789 2.713238510524685E-4
0.014446202123166947 2.7126263328523944E-4
0.01444481306198082 2.7120149606770384E-4
0.014445407361523473 2.713033050671521E-4
0.014443342486086813 2.7140498028342094E-4
0.014441442974190845 2.713709786874135E-4
0.01443894995593744 2.713912034543048E-4
0.014438653128817197 2.7146554790928254E-4
0.014436895701015348 2.713774627374537E-4
0.01443687098442456 2.711543047009748E-4
0.014438116237937858 2.712286582301598E-4
0.0144373346915643 2.7116790309896356E-4
0.014437174813355588 2.711611966502042E-4
0.014437230880053388 2.71073597942855E-4
0.014436289745608951 2.707974677661093E-4
0.014437746771377111 2.706832887843739E-4
0.014436914184732731 2.70515430131255E-4
0.01443742751959971 2.705360673255862E-4
0.01443675750023833 2.705297984253073E-4
0.014436410693552225 2.703623672714195E-4
0.014437111264371813 2.700877767642007E-4
0.014435798912734218 2.7013546502514834E-4
0.014436043211061159 2.7002223491069406E-4
0.014436287192323432 2.700699038110522E-4
0.014436343434693967 2.6998363770981183E-4
0.014436533390577095 2.6995099798969157E-4
0.014435198923100806 2.699718804543548E-4
0.014435229037998966 2.699927358867015E-4
0.014434805122814559 2.700135643391872E-4
0.01443582291294672 2.6990092537630857E-4
0.01443654600867544 2.698951153705723E-4
0.014435962142460223 2.6999592742277213E-4
0.014435325756734403 2.7006997295172234E-4
0.014431788691250865 2.699842073828936E-4
0.014430703578685347 2.699251544545744E-4
0.014430683263095016 2.6968008265782406E-4
0.014431247467030861 2.696478693160651E-4
0.014431200277007028 2.697750021789879E-4
0.01443041020314381 2.697427692402893E-4
0.014432299329876577 2.6989619453820444E-4
0.014432092557558528 2.700229232138287E-4
0.014431647706447821 2.701230066397523E-4
0.014434008789514745 2.7011709896658363E-4
0.014436049462582099 2.6997895515035457E-4
0.014434651387475697 2.699731472638926E-4
0.014437217336163372 2.697296127193229E-4
0.014436110680259587 2.6967117566683706E-4
0.014434820770619883 2.696919567197207E-4
0.014431766100568157 2.6989726130161084E-4
0.014428241074789126 2.6981248166816935E-4
0.014427327281317433 2.698068021750752E-4
0.01442688830260146 2.697748160357437E-4
0.01442623950609058 2.6958508789047715E-4
0.014424146114297522 2.6921163857892216E-4
0.01442244934088079 2.691275647475732E-4
0.014422093320407732 2.689123629524597E-4
0.014420347546588753 2.689335072729664E-4
0.01441994088539275 2.689546247435422E-4
0.014420451635595903 2.6892332139634694E-4
0.01441941709459458 2.690229597367605E-4
0.0144232503328401 2.6904398037281424E-4
0.014423052041342642 2.690388271468006E-4
0.0144239253590523 2.690075497559254E-4
0.014423465749836613 2.691068827315563E-4
0.014424415994927359 2.69153894822347E-4
0.014423487195451244 2.6894003584964444E-4
0.014425583074057937 2.689870939143624E-4
0.01442574873702411 2.689819960863386E-4
0.01442737197372438 2.6892484102110863E-4
0.014425246942881026 2.68867757984946E-4
0.014425412504551403 2.6896674112489777E-4
0.01442531803098409 2.689356862529275E-4
0.014425353507971365 2.6900853581962104E-4
0.014422664187924117 2.688996436467398E-4
0.014421197131398198 2.688168219960184E-4
0.014420250265614085 2.685785996684011E-4
0.014421324880201581 2.6857378689351316E-4
0.014423174695653525 2.684395554295252E-4
0.014424271999982693 2.6843483580613373E-4
0.014423816778435449 2.6837841703770905E-4
0.014424008035371565 2.683995779303196E-4
0.014423863390591624 2.683948921633194E-4
0.014424518852301962 2.6841601630786104E-4
0.014424709312333228 2.6846290200058725E-4
0.01442386866100533 2.6863858835703293E-4
0.01442449713697489 2.684792306069038E-4
0.014423683405824644 2.6844877008256295E-4
0.014424285490402497 2.68341176511649E-4
0.014424167010968348 2.683365475328106E-4
0.014425024961815665 2.683833076216902E-4
0.014423391304992476 2.6840433387530216E-4
0.01442317096333085 2.683996742746942E-4
0.014423720208806674 2.6834373290100273E-4
0.014424678818217934 2.6826223311378827E-4
0.014422921370040045 2.6825767033673023E-4
0.014421703618775946 2.682531132171771E-4
0.01442166406695512 2.6817182106258055E-4
0.014424053180993272 2.6809062957938316E-4
0.014425596235441792 2.682650242671597E-4
0.014425299022006535 2.6820940833541235E-4
0.01442464493811998 2.6805179319731864E-4
0.014421441539517252 2.67894372766005E-4
0.014423517591280136 2.678645741097071E-4
0.014421439510116688 2.679366912739181E-4
0.01442341118702022 2.6811053575835256E-4
0.014423014665132284 2.681569741284106E-4
0.01442091530975868 2.67999973599329E-4
0.014420520811822149 2.680464228527218E-4
0.014421447154178603 2.678642919825585E-4
0.014421408076013746 2.6803764671706645E-4
0.014422713139104277 2.6826150898498735E-4
0.014424016599907405 2.685104410886337E-4
0.014425242473972866 2.6870840948794127E-4
0.014425327732673444 2.6885550792362853E-4
0.014426475406774627 2.6874944516679154E-4
0.014426534523443895 2.683906863022909E-4
0.014426745170522138 2.685377091124448E-4
0.01442589498962158 2.6855829370835767E-4
0.014426888093505797 2.6852838066181487E-4
0.014426139747294644 2.685993874526719E-4
0.014427660803108132 2.685442804167617E-4
0.01442842430143558 2.6853962071943417E-4
0.014427273592443807 2.68484617330356E-4
0.014427180978436288 2.6850515901597426E-4
0.014426761604926858 2.686011077524009E-4
0.01442777507895377 2.684205237720081E-4
0.014428837546913655 2.6846618039402174E-4
0.014430576373664582 2.6838629066472353E-4
0.01443158568293401 2.6835666384753E-4
0.014433220458842643 2.683020053161295E-4
0.014432648632565666 2.6844783295737836E-4
0.01443170194052067 2.6836814814400136E-4
0.014432132612212283 2.6843869259803233E-4
0.014434338256180613 2.685591655105479E-4
0.014431242964000198 2.687294762124345E-4
0.014431723085138475 2.6872474394400376E-4
0.014429631580885954 2.687449789981065E-4
0.014428740036984649 2.6856561745669804E-4
0.014428098884361817 2.685609927097415E-4
0.01443034880885996 2.6858128995217983E-4
0.014430404697954544 2.685268585726135E-4
0.014432078133687144 2.684973791820117E-4
0.014432381627460236 2.6859229219709975E-4
0.014433256453088779 2.687865165437357E-4
0.014432391324603873 2.6880661702922677E-4
0.014432718909065294 2.6882669334095307E-4
0.014431607027534519 2.6877231075038226E-4
0.014432852167037782 2.686436034176989E-4
0.014434343629824552 2.6858939601026404E-4
0.014435337964438416 2.6863432139379885E-4
0.014434053914479711 2.6853068036704347E-4
0.014436036721546194 2.686745361356036E-4
0.014436954088761044 2.687193298327454E-4
0.014438166849817167 2.68615824003262E-4
0.014436637251081618 2.686852921092981E-4
0.01443518351526196 2.6870532093853903E-4
0.014435309972175474 2.6857734559857145E-4
0.014433020710501985 2.684741717138951E-4
0.014435045120509034 2.6832185306424465E-4
0.014433891232582662 2.6839128934583753E-4
0.014436798475836128 2.68411433704648E-4
0.014434317062076608 2.6848073392119994E-4
0.014436827386218811 2.6854995163749415E-4
0.014436559367903137 2.6856996565997643E-4
0.014437592609899037 2.6846722554291674E-4
0.014436245070126379 2.6846273345198016E-4
0.014434727512343636 2.6840921286360695E-4
0.014433824314969732 2.6808622977369975E-4
0.01443336297000362 2.6817992298512E-4
0.0144327063854373 2.6824903180213864E-4
0.014434276331368637 2.681713058210344E-4
0.014432642209993836 2.681670048918906E-4
0.014432671253917369 2.6816270905260375E-4
0.01443306649489362 2.680119257325844E-4
0.014431045569978429 2.6791012263745016E-4
0.014432221674973478 2.679303727265185E-4
0.014432421503883942 2.6765813264830666E-4
0.014431549353394472 2.6767850751012467E-4
0.014431871060311081 2.67601484555047E-4
0.014431048920262627 2.673542486579424E-4
0.014430981506583465 2.67277507390004E-4
0.014429820651418348 2.6710365460635326E-4
0.014429049740665726 2.671485818744452E-4
0.014429177796308186 2.67023553079594E-4
0.014430033430385847 2.6704421698696797E-4
0.014428924345315102 2.6706485662668784E-4
0.01442902801993731 2.671097012004762E-4
0.014427848180684627 2.669849885322257E-4
0.01442787976231422 2.6695722508617123E-4
0.014428128986134277 2.6685693443806327E-4
0.014427193469727548 2.670226578049186E-4
0.014426693897029193 2.6684997142116334E-4
0.014427088241969381 2.669672167426487E-4
0.014426709964892197 2.6701193491542497E-4
0.01442741734696578 2.669119052155709E-4
0.014428364921745257 2.668842978859437E-4
0.01442685443537146 2.6680854717288236E-4
0.014426429029396923 2.667569585521583E-4
0.014426100358130828 2.66825728679631E-4
0.014426445349635041 2.6662991587378057E-4
0.014426717844373372 2.6653045788361276E-4
0.014426269490014873 2.665031688153642E-4
0.014423901355280832 2.665959303359529E-4
0.014423287229736553 2.665926247613809E-4
0.014421714781761245 2.664934194559244E-4
0.014422708090604147 2.6653810116858065E-4
0.014422383102811893 2.663671983418976E-4
0.014422154228598376 2.664119014213299E-4
0.014420490399884545 2.664087120442012E-4
0.01442066929679391 2.664055263606182E-4
0.01442065684550346 2.663067737925658E-4
0.014421718955702052 2.6623201427949814E-4
0.014420321740828683 2.6622893625765845E-4
0.014419689379803742 2.661304568541391E-4
0.014419677523041088 2.661036035589369E-4
0.014416854482351981 2.658147204601166E-4
0.014417701433052155 2.6571665031496403E-4
0.014418309444979602 2.6566628571111185E-4
0.01441858380089268 2.6554463151532933E-4
0.014419261911305483 2.654231173934625E-4
0.014422148472272914 2.6537300861626917E-4
0.014423939603958665 2.6532295746849166E-4
0.014424827017962327 2.654153310470894E-4
0.014423934844747176 2.653653130870573E-4
0.014422782988977588 2.654338556727106E-4
0.014422414126770998 2.654075715039738E-4
0.014423631808342462 2.654286643663166E-4
0.01442378339978492 2.653787534197636E-4
0.014424029402891083 2.6530525331797594E-4
0.014424795045783341 2.654681652765955E-4
0.014424567803242562 2.6539469812008633E-4
0.014423207743727686 2.653449207413047E-4
0.014423618659435094 2.6531879252920373E-4
0.014424594997104216 2.6552848220730936E-4
0.014426088657853926 2.6552584439583094E-4
0.01442546094316413 2.6554676149739056E-4
0.01442476332879849 2.657088856043057E-4
0.014423054931692474 2.6561204925283063E-4
0.014423441018715856 2.656093698606008E-4
0.01442448461823785 2.6567718837365426E-4
0.014426677791514497 2.6565099005806286E-4
0.014426544785966293 2.6564829309753924E-4
0.014425520518774713 2.6559868273931986E-4
0.014426701236424734 2.656429083654543E-4
0.01442614667514835 2.656402205834633E-4
0.014425826926119203 2.656843724778361E-4
0.014425741589996741 2.655646390477652E-4
0.014425305473912941 2.6556200017946425E-4
0.014425804992998734 2.654658501730014E-4
0.0144263039466979 2.6560346200544096E-4
0.01442731608184792 2.657175660830177E-4
0.014428210378272688 2.6562149119476613E-4
0.014427774099359601 2.655721762633743E-4
0.014428014376448133 2.656627921910788E-4
0.014429745542142502 2.6559021024046215E-4
0.014429658429037007 2.6547113770328934E-4
0.014429873964497644 2.6551511113770816E-4
0.014429089077417986 2.654659950540425E-4
0.014429885863134267 2.65463428072873E-4
0.01442852100740082 2.653679287260486E-4
0.014429131450374208 2.651796538173357E-4
0.014431342537930178 2.651308367340383E-4
0.014430466251925933 2.6533721571277906E-4
0.014430587760144106 2.6526518334893054E-4
0.014429666543935564 2.652164004529047E-4
0.01442673182131605 2.652139835353746E-4
0.014427503212684488 2.652347119770196E-4
0.014425752604132246 2.6516289845529475E-4
0.014424859275106101 2.6520674902187234E-4
0.014426485259864922 2.6541227709678597E-4
0.014426239064863643 2.6527121212911416E-4
0.01442832401998545 2.6529185064856674E-4
0.014427338990374131 2.6531246610822105E-4
0.014427138835478007 2.654022151412308E-4
0.014429473230733895 2.6533058866832723E-4
0.014428235916974123 2.6532812154497456E-4
0.014427805460332614 2.653026435226886E-4
0.01442836451892865 2.6539219803004563E-4
0.014427934470032868 2.652977486373595E-4
0.014427550850225367 2.6536423096827644E-4
0.01442790245556886 2.6536175199471084E-4
0.014427588129099262 2.652904267160581E-4
0.01442807694468277 2.6521918068771503E-4
0.01442810673340908 2.6523971058374073E-4
0.014427563702073909 2.6530604065405774E-4
0.014428166211731146 2.652807020566703E-4
0.01442879093949683 2.6523250547162296E-4
0.01442978094944278 2.6523010908991926E-4
0.01443028978760274 2.650905509536015E-4
0.014429130152479697 2.6490545111413326E-4
0.014430369522001668 2.64857568708999E-4
0.014429416530282839 2.6487820771105573E-4
0.014430380649550646 2.649216341213606E-4
0.014430363406490093 2.648282268627434E-4
0.014430482892683248 2.646893526287684E-4
0.014428461634946965 2.647100388785206E-4
0.014428855156775377 2.647534622365606E-4
0.0144286795605779 2.647058482422874E-4
0.014427708438031171 2.6463555183670165E-4
0.014428692505424626 2.6463349981945363E-4
0.01442847186877945 2.6449519102686886E-4
0.014427865619707353 2.6424354753550483E-4
0.014427645679852844 2.6430976893647185E-4
0.014428151499175468 2.641945382022029E-4
0.014428362183498765 2.6423805382907463E-4
0.01442898029261424 2.6421357905986734E-4
0.01442973353479077 2.6421176626240957E-4
0.014428902360216808 2.641420872538814E-4
0.01442804948567692 2.6423075696744896E-4
0.014427672102091966 2.6413854587374245E-4
0.014427679086693566 2.6413677808961953E-4
0.014428227821823982 2.640221459538858E-4
0.01442746742377824 2.6383995633371104E-4
0.014428015675125274 2.639285489213107E-4
0.014428608400528632 2.63881827040148E-4
0.014428276995318215 2.6383515613757896E-4
0.01442832865067939 2.637435126984451E-4
0.014428312751396662 2.638544641744464E-4
0.014428836562073067 2.638753460149991E-4
0.014428393379521686 2.6367145560023965E-4
0.014427995604662871 2.637148770119712E-4
0.01442631858336282 2.6373580069137173E-4
0.01442798669282124 2.6359963347083297E-4
0.014426647890021155 2.63553318657775E-4
0.014426543307843702 2.6335015651632207E-4
0.014426797267692993 2.6334883089504206E-4
0.014427588303337669 2.6316838963155986E-4
0.014427461004003729 2.6307765396713415E-4
0.014426886535038168 2.630988434955538E-4
0.014426603280619475 2.631200100791675E-4
0.014426253309235419 2.6311881258264024E-4
0.014426975512711058 2.630729582019202E-4
0.014426290963168454 2.6313873849332205E-4
0.014426008642617685 2.632267526725414E-4
0.014425236182719495 2.6318091428698993E-4
0.014425199825891242 2.6300144004346457E-4
0.014424384097796008 2.630003103759638E-4
0.01442307959813401 2.6288789759507786E-4
0.014423956501876502 2.6273111619980416E-4
0.014422875966384977 2.626634352409992E-4
0.014420507780101677 2.625736062062975E-4
0.014421984294524105 2.6268375460057115E-4
0.014422771113181068 2.6272719344775503E-4
0.01442262531169375 2.6281495582861525E-4
0.014426138243797682 2.6257002603506365E-4
0.014425569726916191 2.62613455978342E-4
0.014426197887785838 2.623910464886373E-4
0.014427179575448614 2.6236811324631854E-4
0.014427518566703908 2.6234520458410924E-4
0.01442865329204976 2.6247711714624637E-4
0.014428549091957206 2.6232156281585077E-4
0.014427473036848671 2.6229871583176745E-4
0.014429842352901503 2.6209926660089545E-4
0.01442920808752463 2.6214276245539145E-4
0.014428287788066891 2.6216415709266424E-4
0.014426773311060697 2.6216348591242075E-4
0.01442814653882623 2.622729714968651E-4
0.014427426453144205 2.62118106780316E-4
0.014427521420867246 2.6211746122046327E-4
0.014427242355445203 2.620068363619724E-4
0.014427293351490069 2.618303764603072E-4
0.01442754204651859 2.619177754000453E-4
0.014426890080188444 2.6167566790261733E-4
0.014426238807070764 2.61675259273481E-4
0.014426487665999037 2.615432257217416E-4
0.014424412114235473 2.6163059149896217E-4
0.014423850850530238 2.617836073447838E-4
0.01442427580138171 2.6187075290281213E-4
0.014423167929334449 2.618045688215797E-4
0.014422280025815765 2.617165754564203E-4
0.014422792604802772 2.618473537311222E-4
0.014423457634954713 2.617375746141829E-4
0.014423553999116934 2.618026692822685E-4
0.014424763752018049 2.6160569730173907E-4
0.014423179059975613 2.615398631994117E-4
0.014425849008364227 2.615177188181993E-4
0.01442672865483877 2.614302021180659E-4
0.014427193418703983 2.6142992604122095E-4
0.014427135078553307 2.615820792685341E-4
0.014428534994230153 2.6147290294937977E-4
0.01442975941373902 2.6142909955616695E-4
0.014428677979401705 2.6136360112338216E-4
0.014428988386134068 2.615371986659278E-4
0.014427691312147597 2.6158030377465823E-4
0.01442928261718849 2.615799497960684E-4
0.014429678998744684 2.615362052415941E-4
0.014429684650506798 2.6151419071655346E-4
0.014428866733866308 2.61557217393533E-4
0.014427898046199985 2.614918922929585E-4
0.0144262592254872 2.61599835438668E-4
0.014424427375035975 2.616860268164403E-4
0.014425322481658837 2.6183700974897545E-4
0.014426843513887873 2.6170682708151553E-4
0.014426483349660808 2.6159838531006157E-4
0.014424612027611122 2.6153324367323544E-4
0.014423239049442031 2.6146817014057757E-4
0.014423938301524693 2.6155416011658996E-4
0.014422545549567341 2.615969412394338E-4
0.014420227675775854 2.615534846222061E-4
0.014421508904261556 2.615531474035702E-4
0.014421217413246173 2.61638913741852E-4
0.014421636207301582 2.6170307610951936E-4
0.014423366271208422 2.617241648841652E-4
0.014425201994827327 2.617667238875378E-4
0.014424629935936491 2.6180923860474626E-4
0.014424423459154671 2.6174435994488857E-4
0.01442591243217599 2.6163663138038145E-4
0.014424740365028119 2.617220424727699E-4
0.014423633824149767 2.6167874653308074E-4
0.014423385442357587 2.6165692079516205E-4
0.014423030247458012 2.613995620153425E-4
0.014420492309542704 2.6118527617042473E-4
0.014420331509412552 2.6122791592907347E-4
0.014420812302347272 2.6129189240828944E-4
0.014420608763414637 2.612275837557484E-4
0.014421879189653361 2.6124877668884394E-4
0.014422337088820765 2.613339908602706E-4
0.014421471640190663 2.6124842346900737E-4
0.014420585759954337 2.612908984622376E-4
0.014420894415096776 2.613333295989957E-4
0.014419754103045369 2.6129050231985863E-4
0.01441791230907302 2.6141806057451244E-4
0.014417647259235203 2.6139651546574426E-4
0.014417616460533871 2.6135372182698363E-4
0.014415969950499135 2.612046733749447E-4
0.01441438888178239 2.613107643671145E-4
0.014413828859109988 2.613105566881691E-4
0.014413587817079923 2.611829873093576E-4
0.01441417444980548 2.613101419706036E-4
0.014412639961853716 2.612463193890564E-4
0.014412887370143363 2.6116136803863374E-4
0.014412541388771287 2.6120360438667065E-4
0.014411962864120489 2.6135166020238354E-4
0.014412316047554951 2.612456237808717E-4
0.014410786442206672 2.6128775205268593E-4
0.014411266706530349 2.613086971481173E-4
0.014409781462249426 2.6126623315911177E-4
0.014409459249820088 2.613082862420803E-4
0.014408715214633192 2.6130808110417364E-4
0.014408942393789306 2.611812952246621E-4
0.014410033868964795 2.611389830527555E-4
0.014410049390192388 2.6099133764434014E-4
0.014409369765955068 2.6101235916769995E-4
0.014410585676175893 2.6092809028937147E-4
0.014412031820614773 2.609701656818657E-4
0.01441320307120801 2.609491011805321E-4
0.014412607311921639 2.609070364969532E-4
0.014413587979117981 2.6094905836660486E-4
0.014412110619709267 2.6088603624927615E-4
0.01441222996987133 2.608020886399809E-4
0.014414027511219524 2.6086507868502946E-4
0.014414565131644073 2.6073929048605276E-4
0.014413509428084992 2.6073937563631205E-4
0.014412727106432169 2.6059283187798173E-4
0.014413934531687015 2.6063486391575283E-4
0.014414324629095492 2.607187048282275E-4
0.014413292101728769 2.6069788509405133E-4
0.014414330170443615 2.606770864431499E-4
0.014414552323607943 2.606772028146348E-4
0.014414001566138559 2.608026194839717E-4
0.014414181915118911 2.6082354511791796E-4
0.014413861386694352 2.608027250089973E-4
0.01441458377008973 2.6067766712510414E-4
0.014412721111008345 2.606569416745431E-4
0.014413734970854755 2.60636237137656E-4
0.01441333203350948 2.605322726216172E-4
0.01441299193151475 2.6074055872706264E-4
0.01441302655847155 2.60553449455211E-4
0.014412894840438726 2.604496836709097E-4
0.014413220377639221 2.6034602233128304E-4
0.014412382587705596 2.603255366809976E-4
0.014411836243924255 2.603881012665254E-4
0.014411269702253798 2.6036761505963973E-4
0.014409563218997215 2.6036788598954297E-4
0.014409537267069988 2.604510612396628E-4
0.014410505697117994 2.6038914278229145E-4
0.014408864280519232 2.602858757106016E-4
0.014408921497886236 2.6028618706939175E-4
0.014406786088975882 2.6030718272889087E-4
0.014406596198638133 2.6016276332240044E-4
0.014406406498380807 2.6012180801674914E-4
0.014408550841357063 2.5989501155462765E-4
0.014409578304843143 2.599368040540317E-4
1: 121 = 121 ### 0.009415 = 0.007981 ##### Davis
2: 21 = 21 ### 0.009076 = 0.007731 ##### Photo_Requests
3: 245 = 245 ### 0.008684 = 0.007360 ##### UC_Davis
4: 1531 = 1531 ### 0.005987 = 0.005094 ##### Seed/Definition
5: 1367 = 1367 ### 0.003321 = 0.002837 ##### departed_businesses
6: 31 = 31 ### 0.002991 = 0.002537 ##### Sacramento
7: 80 = 80 ### 0.002597 = 0.002216 ##### ASUCD
8: 1040 = 1040 ### 0.002561 = 0.002183 ##### Woodland
9: 254 = 254 ### 0.002374 = 0.002023 ##### campus
10: 452 = 452 ### 0.002285 = 0.001945 ##### City_Council
11: 157 = 157 ### 0.001904 = 0.001626 ##### East_Davis
12: 392 = 392 ### 0.001897 = 0.001620 ##### Yolo_County
13: 169 = 169 ### 0.001888 = 0.001610 ##### South_Davis
14: 100 = 100 ### 0.001833 = 0.001563 ##### West_Davis
15: 561 = 561 ### 0.001716 = 0.001460 ##### City_of_Davis
16: 3870 = 3870 ### 0.001695 = 0.001444 ##### Cul-de-sacs
17: 997 = 997 ### 0.001588 = 0.001354 ##### ASUCD_Senate
18: 884 = 884 ### 0.001492 = 0.001278 ##### Interstate_80
19: 202 = 202 ### 0.001478 = 0.001266 ##### The_California_Aggie
20: 8 = 8 ### 0.001472 = 0.001258 ##### 2007
21: 72 = 72 ### 0.001444 = 0.001231 ##### Campus
22: 145 = 145 ### 0.001391 = 0.001190 ##### North_Davis
23: 27 = 27 ### 0.001280 = 0.001092 ##### Arboretum
24: 645 = 645 ### 0.001268 = 0.001083 ##### Memorial_Union
25: 490 = 490 ### 0.001244 = 0.001063 ##### Davis_Enterprise
26: 2883 = 2883 ### 0.001231 = 0.001050 ##### Dentists
27: 81 = 81 ### 0.001195 = 0.001026 ##### KDVS
28: 942 = 942 ### 0.001177 = 0.001010 ##### 2006
29: 125 = 125 ### 0.001107 = 0.000952 ##### Music_Scene
30: 247 = 247 ### 0.001097 = 0.000940 ##### Picnic_Day
31: 337 = 337 ### 0.001029 = 0.000878 ##### Davis_Senior_High_School
32: 179 = 179 ### 0.001026 = 0.000878 ##### Town_Flora
33: 708 = 708 ### 0.001026 = 0.000877 ##### Unitrans
34: 1403 = 1403 ### 0.001016 = 0.000870 ##### Daubert
35: 484 = 484 ### 0.001000 = 0.000858 ##### Winters
36: 152 = 26 ### 0.000994 = 0.000854 ##### Apartments
37: 26 = 152 ### 0.000992 = 0.000853 ##### Highway_113
38: 15492 = 321 ### 0.000980 = 0.000828 ##### User_Statistics
39: 321 = 242 ### 0.000971 = 0.000812 ##### 2008
40: 242 = 15492 ### 0.000940 = 0.000797 ##### Front_Page
41: 1964 = 1964 ### 0.000916 = 0.000787 ##### ttp://gnome.wikispot.org/Users/JoePomidor
42: 1043 = 1043 ### 0.000914 = 0.000785 ##### Dixon
43: 857 = 857 ### 0.000904 = 0.000771 ##### West_Sacramento
44: 1755 = 1755 ### 0.000872 = 0.000750 ##### Pole_Line_Road
45: 15686 = 1200 ### 0.000865 = 0.000723 ##### Interpreting_User_Statistics
46: 1200 = 281 ### 0.000847 = 0.000712 ##### 2011
47: 16 = 154 ### 0.000826 = 0.000709 ##### 2004
48: 281 = 16 ### 0.000826 = 0.000703 ##### downtown
49: 154 = 1365 ### 0.000826 = 0.000702 ##### Downtown
50: 1153 = 15686 ### 0.000821 = 0.000701 ##### Davis_Food_Co-op
