0.08294265431797018 0.001045201582521352
0.004330511501114137 0.001045201582521352
0.002804387650541431 0.001045201582521352
0.0027661339097094155 0.001045201582521352
0.0020557649047899724 0.001045201582521352
0.002184658323391602 0.001045201582521352
0.0019756740038595396 0.001045201582521352
0.0021560685720245013 0.001045201582521352
0.0018005319424734484 0.001045201582521352
0.0016577269770842809 0.001045201582521352
0.0015595095352035117 0.001045201582521352
0.0015180544975703738 0.0010039150955885251
0.0016203438587949718 9.591880680779614E-4
0.001462751950910076 9.213421217228717E-4
0.0015462136390708059 9.095459825992054E-4
0.00156592130036749 8.800556347900446E-4
0.001519762635837486 8.310279315573115E-4
0.001423793527117073 8.290546803436096E-4
0.0013834095068828568 8.295943729832564E-4
0.0013456554439452819 7.909637419349957E-4
0.0013719733533676573 7.768394174579767E-4
0.001387480204082054 7.75856405864337E-4
0.0013489053078815229 7.468128815068291E-4
0.0013812328137311736 7.310652689020172E-4
0.001252332159470474 7.303921196585469E-4
0.0013087498411190656 7.099553086267977E-4
0.00137866713322358 7.037940944229754E-4
0.0012926672175729331 6.980892664564738E-4
0.001214916104676582 6.854193392495743E-4
0.0011991170232140097 6.764705440523108E-4
0.0011740483668690222 6.749994163570047E-4
0.001083079459663256 6.589731563755524E-4
0.0010110855085466632 6.503995512261949E-4
0.0010861240510158035 6.423455585101316E-4
0.0010159841008876005 6.262651709970786E-4
8.948677949393513E-4 6.205405740694185E-4
8.95222022834801E-4 6.139871634451597E-4
8.954515887057913E-4 6.055562892366543E-4
9.465240721378402E-4 6.030015777408107E-4
9.723482974231719E-4 5.89991598390183E-4
9.231214208935154E-4 5.796964423537279E-4
9.167951730288948E-4 5.769524014539241E-4
9.269365689297764E-4 5.753220407620354E-4
9.288099978774565E-4 5.660863039287792E-4
8.779883374506917E-4 5.675919950484221E-4
8.498933458877969E-4 5.635259016383713E-4
8.937505512699543E-4 5.596365948983224E-4
9.076261572599298E-4 5.594265341414954E-4
8.988451041162091E-4 5.523441447607306E-4
9.279695921720561E-4 5.430230883996203E-4
9.02423161942966E-4 5.365520635089244E-4
8.712625212087141E-4 5.32763421178618E-4
8.668256249885581E-4 5.29120495861015E-4
8.94560648385741E-4 5.29509991020759E-4
8.557392335486973E-4 5.260622375696954E-4
8.779471189944467E-4 5.242411837689542E-4
8.538340553304461E-4 5.180616154325802E-4
8.271465634051685E-4 5.120988740553764E-4
8.314525975529445E-4 4.992233846337964E-4
8.261611467464831E-4 4.916827492354863E-4
8.085034134652808E-4 4.912745495059249E-4
7.978481924774235E-4 4.915565610286898E-4
8.147078276147062E-4 4.8517036460994184E-4
8.016298327065032E-4 4.8029758671029143E-4
7.938720194970567E-4 4.749319817616805E-4
7.589403615071143E-4 4.7163700251607915E-4
7.680471875414925E-4 4.65314106964829E-4
8.035722869800401E-4 4.6287725190162884E-4
7.924616413479517E-4 4.605120690461712E-4
7.849632358076481E-4 4.5761708733242385E-4
8.08568983761136E-4 4.5421501242574327E-4
7.762516252023082E-4 4.4858277135120534E-4
8.152572020156669E-4 4.4425382827687155E-4
8.650906933937054E-4 4.3325666661287674E-4
8.527009582135942E-4 4.298097570225938E-4
8.415480671465485E-4 4.281062244986988E-4
8.074724984011813E-4 4.2536103527983165E-4
8.043773603451155E-4 4.269766548129181E-4
8.141270633392136E-4 4.243163367238397E-4
7.955638094142244E-4 4.264268922875911E-4
7.851790331374872E-4 4.2383995418230675E-4
7.802119458384007E-4 4.1927805223108716E-4
7.549649045978151E-4 4.1382042869494984E-4
7.485998439158954E-4 4.1297116214035186E-4
7.811188891653272E-4 4.1410813940528376E-4
7.830618061065843E-4 4.127897473855802E-4
8.124763100663885E-4 4.119820910748558E-4
7.868799673293413E-4 4.1166755889693936E-4
7.862646909143591E-4 4.057301996867712E-4
7.772979486150633E-4 4.0456519539512745E-4
7.942374102503328E-4 4.02049863856648E-4
7.920103699415007E-4 4.004972096472083E-4
7.959161150025127E-4 3.9718324414089517E-4
7.930787547504684E-4 3.943844874296935E-4
8.101446412324777E-4 3.9076684284143637E-4
8.003246526271778E-4 3.8939833218834394E-4
7.707255906139532E-4 3.8547792674055513E-4
7.548171179936476E-4 3.84192157710216E-4
7.420148181830743E-4 3.8630295432807364E-4
7.328561826619456E-4 3.816985450453153E-4
7.624830361129169E-4 3.7842481855619736E-4
7.853117812212634E-4 3.727632557441213E-4
8.014023104116276E-4 3.6923655136624487E-4
8.024556368822716E-4 3.6898504411670156E-4
8.275701612828885E-4 3.6635646083737106E-4
8.132560001539799E-4 3.6338474117352497E-4
8.304009936239603E-4 3.6241656749073356E-4
8.060222314735909E-4 3.618523455303572E-4
7.985805489930693E-4 3.593871606927276E-4
7.98230266553486E-4 3.6075495969916673E-4
7.683180615548226E-4 3.6097189453459334E-4
7.78035857872624E-4 3.5783736763969344E-4
7.562549938634288E-4 3.551274437869596E-4
7.3959896597286E-4 3.510040146242625E-4
7.668059980775615E-4 3.5057454798484346E-4
7.742039962723918E-4 3.494345244707562E-4
7.798863043689956E-4 3.4973782849769913E-4
7.927052360567927E-4 3.4721294018689395E-4
7.964663120714514E-4 3.4613038852314713E-4
7.891231002947532E-4 3.4680075734672556E-4
7.916079249647469E-4 3.4573968306770967E-4
8.019574900155206E-4 3.4264888339167717E-4
8.172299138213064E-4 3.426544770086581E-4
8.354966417908683E-4 3.409816671955726E-4
8.408970485834343E-4 3.4133357142460954E-4
8.107515125311906E-4 3.3870721812681814E-4
8.26833582203119E-4 3.3972692881995264E-4
8.32003564898003E-4 3.37479676594075E-4
8.33996082441323E-4 3.3946069651334204E-4
8.466684409429618E-4 3.3468994693316794E-4
8.416058079879633E-4 3.3507400727672906E-4
8.267733366334286E-4 3.3387638399165487E-4
8.199744850633019E-4 3.33009682930088E-4
8.071580880573778E-4 3.327768643947526E-4
8.057656558489554E-4 3.3193130454005164E-4
7.883021083319585E-4 3.3018079401061617E-4
7.728412744000203E-4 3.2997391183208586E-4
7.699788581822668E-4 3.249482703355396E-4
7.506458808831899E-4 3.2268806119688123E-4
7.324821511768973E-4 3.216484733964141E-4
7.107340931605968E-4 3.2298296467497286E-4
6.819716771229957E-4 3.1961353557422413E-4
6.679765024744538E-4 3.186175624851943E-4
6.842930870591196E-4 3.150370688631755E-4
6.803345828859023E-4 3.143734214673537E-4
6.916626616042044E-4 3.1400366222135515E-4
6.799300444389766E-4 3.1052834244269266E-4
6.856251684545087E-4 3.079428872923E-4
6.697584504344052E-4 3.081819982204822E-4
6.679592343114938E-4 3.039844513447615E-4
6.742529914317101E-4 3.042467637002185E-4
6.797396283265386E-4 3.047790221631054E-4
6.698574703525525E-4 3.0503265560060674E-4
6.686764875556807E-4 3.050131272485138E-4
6.568466728966959E-4 3.0526194658237637E-4
6.654688931870793E-4 3.05507555344189E-4
7.054591385851096E-4 3.0230947469798584E-4
7.105281508422108E-4 3.007299614587213E-4
6.85015187577058E-4 2.996930558165721E-4
6.941252956793043E-4 2.9918851989234763E-4
6.894636678088069E-4 2.9843225012384536E-4
6.949626560334396E-4 2.9768537501085235E-4
6.919835452134261E-4 2.9847684972392696E-4
6.903361588664964E-4 2.9799215643644774E-4
6.848835856518805E-4 2.9675813342809333E-4
6.826174592961669E-4 2.9478840487560715E-4
6.93252423274436E-4 2.9309112176913144E-4
6.984366906798593E-4 2.919086143517497E-4
6.807042210640702E-4 2.9049443150521267E-4
6.847730012506074E-4 2.898298807680929E-4
6.754810268507605E-4 2.913589034655006E-4
6.677463791783779E-4 2.8973130408383493E-4
6.641823104199639E-4 2.8812263027637496E-4
6.774511913683591E-4 2.882031053483638E-4
6.784839707405074E-4 2.868589834563244E-4
6.769097963126255E-4 2.8529430017486344E-4
6.720693578608578E-4 2.851548912579477E-4
6.747244380135987E-4 2.8385077264142544E-4
6.574705948215727E-4 2.8348909326627567E-4
6.576115922070289E-4 2.817475504115358E-4
6.593991265038338E-4 2.8163094363590303E-4
6.437224176870419E-4 2.8288423815943197E-4
6.537594219883185E-4 2.8185527192265677E-4
6.496050476737347E-4 2.81063160436736E-4
6.549943291827644E-4 2.789333603713309E-4
6.584920682869688E-4 2.792814573675034E-4
6.573756851085894E-4 2.7918187066551525E-4
6.472873103043198E-4 2.790833490619436E-4
6.641271637165087E-4 2.7700939480311516E-4
6.654766683858323E-4 2.7626806927505204E-4
6.73106218017864E-4 2.7553454717359985E-4
6.678668718502023E-4 2.7545718478419674E-4
6.606189982195096E-4 2.747355268946918E-4
6.574402863450684E-4 2.7252390997538947E-4
6.43759316798591E-4 2.7225044571708735E-4
6.317572991489773E-4 2.7028598162829334E-4
6.249846152720611E-4 2.702373711648713E-4
6.263094354655165E-4 2.689317977538857E-4
6.335315707327873E-4 2.693075528392868E-4
6.456609972545158E-4 2.682272430065945E-4
6.445074652578008E-4 2.6880919574954196E-4
6.320681137719692E-4 2.683583308798028E-4
6.383500874967516E-4 2.697514269612268E-4
6.505580242391932E-4 2.69503744285875E-4
6.499740698543806E-4 2.704727983112473E-4
6.586746391833856E-4 2.688142306869729E-4
6.591309988714043E-4 2.6657050614255326E-4
6.579228069233801E-4 2.657446214900111E-4
6.493540581489529E-4 2.6492667803605126E-4
6.527683881778726E-4 2.6411656179217686E-4
6.5173646117479E-4 2.641005702160123E-4
6.413029695369728E-4 2.642804007729531E-4
6.473239009268524E-4 2.6270580659635916E-4
6.498516660063592E-4 2.6075833079764095E-4
6.291304728109769E-4 2.617229683428003E-4
6.134513345441146E-4 2.613344213129827E-4
6.167139944421103E-4 2.6037604851122584E-4
6.228588548418825E-4 2.6018754987230193E-4
6.193982295457748E-4 2.590538428050009E-4
6.068726450897417E-4 2.5849605754104754E-4
6.045194133952528E-4 2.586940064509996E-4
6.075495366478377E-4 2.583297139192392E-4
6.046941937655617E-4 2.564809019712667E-4
6.048615910344028E-4 2.5594465967542776E-4
6.142121371012656E-4 2.546759465620009E-4
6.042559736077455E-4 2.5378550189343E-4
5.956616212106678E-4 2.5454708940066676E-4
5.977443748690465E-4 2.5348317891520436E-4
6.003521020076078E-4 2.5442049289128567E-4
5.883040667202016E-4 2.546284593752997E-4
5.911803787199254E-4 2.5411659159540307E-4
5.894779050979958E-4 2.537878849518389E-4
5.977052548514802E-4 2.525722170092355E-4
6.055278129239605E-4 2.5154417920748195E-4
6.037281361022845E-4 2.512306799669885E-4
6.05688419657895E-4 2.5197397187576266E-4
5.923845825144307E-4 2.518362509943602E-4
5.855554849332866E-4 2.5082866938341657E-4
5.989507469235506E-4 2.5052344538151975E-4
5.994065980119318E-4 2.503935223626214E-4
5.999741838793338E-4 2.499206279777737E-4
6.121015256593576E-4 2.4876640513250435E-4
6.127785896151627E-4 2.488159585443438E-4
6.053864344444059E-4 2.4903500734757886E-4
5.996076732357351E-4 2.4975988140979764E-4
5.925830260851781E-4 2.489621916739757E-4
5.814503377840363E-4 2.5001713094519794E-4
5.851278568979081E-4 2.5022776935323536E-4
5.861395294995522E-4 2.5043670906443405E-4
5.935564663523263E-4 2.4898587870032877E-4
5.789347492290951E-4 2.4853753066552396E-4
5.823587313485945E-4 2.4891519510376214E-4
5.762530936016505E-4 2.4830685061154995E-4
5.857048066492588E-4 2.4705056438516064E-4
5.805605394171295E-4 2.45804170176302E-4
5.833901011817543E-4 2.4651044511101805E-4
5.921647445596049E-4 2.460822748957374E-4
5.910715864212731E-4 2.461393801716203E-4
5.834258715078697E-4 2.4523589191204314E-4
5.824860162405629E-4 2.4433938039578295E-4
5.99201591678713E-4 2.4281458839991218E-4
5.984337822694984E-4 2.4193422372865102E-4
5.869562572396214E-4 2.418484894543612E-4
5.877597911103094E-4 2.423913385119344E-4
5.734889642981096E-4 2.4246091045241073E-4
5.77949388401336E-4 2.4190676506604807E-4
5.792699917381937E-4 2.4275369739836292E-4
5.868712903558561E-4 2.4142945114744084E-4
5.84694316121161E-4 2.4211779005558077E-4
5.744837965694029E-4 2.4218708574607175E-4
5.799131374698341E-4 2.4164421647688772E-4
5.826638771691311E-4 2.4019126166136164E-4
5.946534926901339E-4 2.4011508733122732E-4
5.887098309616274E-4 2.3822468042038373E-4
5.953160441925425E-4 2.3770419758332496E-4
6.023074563607139E-4 2.3613657131770041E-4
6.021021310508824E-4 2.3517865954578076E-4
5.924911907492112E-4 2.3452576148292033E-4
5.955729600514722E-4 2.3462012324304538E-4
5.95673033019463E-4 2.3397390737526927E-4
5.885411558391921E-4 2.337746625522576E-4
5.783984702021216E-4 2.3401761684114798E-4
5.776977013557434E-4 2.332340061757562E-4
5.755429984753187E-4 2.3289359933414275E-4
5.776509167198624E-4 2.325555897238084E-4
5.709892251475104E-4 2.3193022237787738E-4
5.82883339810211E-4 2.318866616138458E-4
5.71102290409113E-4 2.3098027227814528E-4
5.664274908639595E-4 2.306536007424544E-4
5.688371121624225E-4 2.3118634880769218E-4
5.591181639280503E-4 2.3029175078514083E-4
5.525653177962036E-4 2.296870571265441E-4
5.437433715836678E-4 2.2965207351948342E-4
5.471253455301777E-4 2.2905369066151095E-4
5.384896054550025E-4 2.2831894820756247E-4
5.298328710607979E-4 2.289887289883129E-4
5.268154080413239E-4 2.2811968910074377E-4
5.355571801289524E-4 2.2850760699826084E-4
5.303857567888714E-4 2.270918330638254E-4
5.303579550648249E-4 2.2568552918915232E-4
5.274402846003088E-4 2.2538957365851885E-4
5.226528186782542E-4 2.250955846098169E-4
5.123246112366976E-4 2.2398328117866566E-4
5.192116016106271E-4 2.2274206065157253E-4
5.11930885087618E-4 2.2232387092267352E-4
5.141167712432826E-4 2.21773057890578E-4
5.146073411644651E-4 2.2176553758330406E-4
5.074296807641359E-4 2.205477132311416E-4
5.087811718704188E-4 2.2054422014878327E-4
5.141083485561582E-4 2.2120881580697173E-4
5.151355053583493E-4 2.1987139051255077E-4
5.199977268357417E-4 2.197373518193658E-4
5.170213996849549E-4 2.1973650083233217E-4
5.041261887718529E-4 2.19208032446713E-4
4.975758520800532E-4 2.1947184386481375E-4
5.063708471492617E-4 2.1868543458990295E-4
5.259477096843469E-4 2.188185766665099E-4
5.227390755273761E-4 2.1856015487891554E-4
5.238350682166234E-4 2.1882268526524114E-4
5.299717537115193E-4 2.1765989772983097E-4
5.344908004248405E-4 2.176655600615026E-4
5.1810529406113E-4 2.1728533209578572E-4
5.1924927829688E-4 2.1626637127686166E-4
5.136116161675807E-4 2.1525371981285312E-4
5.127235692875784E-4 2.1386503699739287E-4
5.094273157676917E-4 2.1451746543287473E-4
5.076710326472919E-4 2.1313956059290797E-4
5.071880750179309E-4 2.1265389189425502E-4
5.06582658293382E-4 2.1368166581935643E-4
5.013368246692245E-4 2.1432671935342815E-4
5.077585332888688E-4 2.1371675780751075E-4
5.095655610670615E-4 2.136094121855301E-4
5.051168906290729E-4 2.1362707011227526E-4
5.103656475833848E-4 2.1228080409873586E-4
5.089253449885673E-4 2.1279678310321906E-4
5.084404898287707E-4 2.1257022216858017E-4
5.154539841130854E-4 2.1185350401411378E-4
5.181377207225835E-4 2.1273369317844742E-4
5.164661906508679E-4 2.127536285355077E-4
5.155196231169394E-4 2.1228629009184416E-4
5.094836707719125E-4 2.1194313154176893E-4
5.112296397682182E-4 2.1051231297616532E-4
5.060104823740342E-4 2.104177897128783E-4
4.95672770911368E-4 2.1044418637221324E-4
4.909315233554304E-4 2.1023039184787308E-4
4.931339563582252E-4 2.0989816573546268E-4
5.05346967500767E-4 2.10403135752401E-4
5.004752707076309E-4 2.1019130789720424E-4
4.918351136033925E-4 2.1069253342507493E-4
4.970854988640495E-4 2.0988959331593446E-4
4.9628985097015E-4 2.096810483921722E-4
4.990274962493925E-4 2.0865031452629504E-4
4.929890107325633E-4 2.0926751328766662E-4
4.852749972082749E-4 2.0929642073972625E-4
4.841718172026022E-4 2.0909190788452695E-4
4.821444525900272E-4 2.0900484717761841E-4
4.8289142828621167E-4 2.0833840918629872E-4
4.8810171164879004E-4 2.075600563183679E-4
4.855465589745922E-4 2.0759332946793923E-4
4.8639682621843064E-4 2.0762641725177434E-4
4.8794395138258644E-4 2.067418437271923E-4
4.849929332464432E-4 2.0677710688546798E-4
4.881934463120541E-4 2.0772458377066685E-4
4.7909373846816443E-4 2.0616462906828292E-4
4.729145778020272E-4 2.0631461176534165E-4
4.6962239476823085E-4 2.0476706769695783E-4
4.691204167984231E-4 2.040176124172801E-4
4.608679530578837E-4 2.038347275605551E-4
4.6384897892685266E-4 2.0342845356211207E-4
4.6307042258049306E-4 2.0246494409844595E-4
4.6102445638370403E-4 2.0172981299368013E-4
4.612235651062916E-4 2.011099291911846E-4
4.632048680423559E-4 2.0071534845715865E-4
4.6471783344096415E-4 1.992160071122472E-4
4.625872444929263E-4 1.989389920746913E-4
4.5962637831177143E-4 1.98663454450669E-4
4.60972434910567E-4 1.989384048849238E-4
4.62023002135303E-4 1.9888335701236955E-4
4.649992054320507E-4 1.993747179504219E-4
4.6597505365660226E-4 1.9790265016375935E-4
4.637086256209738E-4 1.9774211390016818E-4
4.571195555348452E-4 1.981242377604388E-4
4.479710677884651E-4 1.9796396192860296E-4
4.41719562954514E-4 1.9748113019824314E-4
4.4352826097526516E-4 1.972158470025867E-4
4.4599410455099504E-4 1.9716641715824754E-4
4.515898281307744E-4 1.9679636399497127E-4
4.4830939112471E-4 1.95894806107308E-4
4.5389106684507277E-4 1.946786700108223E-4
4.568639389993278E-4 1.9474240567625715E-4
4.514912957934871E-4 1.9469995170511765E-4
4.5262722811991634E-4 1.9465771488984113E-4
4.5162493995346334E-4 1.9472101623926728E-4
4.475107707267369E-4 1.943637767479038E-4
4.467387414430247E-4 1.9442750280657616E-4
4.489178020590125E-4 1.9490899720857514E-4
4.483450065015575E-4 1.9424121296141968E-4
4.505551881290818E-4 1.9409677381038127E-4
4.5285646424163685E-4 1.939530604842224E-4
4.620899095598281E-4 1.9339616790723903E-4
4.5557118430285476E-4 1.9263562735847634E-4
4.5962096221032476E-4 1.9311438587278477E-4
4.586011064333092E-4 1.9225562735436836E-4
4.521220476490929E-4 1.9252805710716258E-4
4.474490052369976E-4 1.9279913819781426E-4
4.4769225284366795E-4 1.926611128442373E-4
4.447711569551897E-4 1.9303222169108242E-4
4.4919108623371195E-4 1.922856559090457E-4
4.494404620249738E-4 1.910367879135287E-4
4.4857822386062626E-4 1.9161103605684268E-4
4.441957355345239E-4 1.9117549550353496E-4
4.412404785541032E-4 1.9044071315049038E-4
4.437225636707739E-4 1.9011033738103162E-4
4.4379341426778235E-4 1.9058129973990583E-4
4.406726965482566E-4 1.906510836629131E-4
4.324932573874418E-4 1.9082001678853884E-4
4.338377315473282E-4 1.904919059215796E-4
4.368158364345176E-4 1.9125446070928487E-4
4.3377157479861485E-4 1.9053179441189957E-4
4.315988375336537E-4 1.906993995106719E-4
4.3268038489562726E-4 1.901780983743796E-4
4.3895438050633475E-4 1.9034574738251085E-4
4.393285249151667E-4 1.900234254601198E-4
4.4516672364886976E-4 1.894098155543867E-4
4.40071519236479E-4 1.890912214048092E-4
4.362655879017877E-4 1.873169563947769E-4
4.3954105408510217E-4 1.8739243735127947E-4
4.415529254233649E-4 1.870808061072097E-4
4.4438332784168004E-4 1.871564861019704E-4
4.428423811990282E-4 1.860769465088911E-4
4.4783762759060164E-4 1.8567453363142994E-4
4.476369092787985E-4 1.8536978041217733E-4
4.457462473277423E-4 1.8525757923066572E-4
4.4578855267658757E-4 1.8476449688202188E-4
4.5118377113132987E-4 1.8493959788182726E-4
4.561814939231944E-4 1.8501898235535164E-4
4.515373909101932E-4 1.8424575868359458E-4
4.4938587652325584E-4 1.8404293631376096E-4
4.369718448624865E-4 1.8384104007347014E-4
4.295796914375237E-4 1.8401625030291027E-4
4.295027441643018E-4 1.8353383364828497E-4
4.3248498257059164E-4 1.838961861902692E-4
4.288241452451571E-4 1.8304259068879005E-4
4.291039485615E-4 1.828452313036379E-4
4.241751868443506E-4 1.8246278575836098E-4
4.1824801201972373E-4 1.8226761631410913E-4
4.1316136641282033E-4 1.8253617506167955E-4
4.118954065276846E-4 1.829882592150004E-4
4.145598949420996E-4 1.837147971462049E-4
4.1183198212879396E-4 1.8425419465485226E-4
4.1152774084685497E-4 1.837819696051035E-4
4.0977147570465976E-4 1.8395264889821327E-4
4.094183363147451E-4 1.8284378797971744E-4
4.1298419486998953E-4 1.8219552343318862E-4
4.083065606268711E-4 1.813682358805529E-4
4.099917781869104E-4 1.8145198007392505E-4
4.1298399384147473E-4 1.8153535696820326E-4
4.1120384891419205E-4 1.8216042350757648E-4
4.07769439783679E-4 1.8188130881898696E-4
4.055977134636029E-4 1.816034103164042E-4
4.0515185641601793E-4 1.8069844744094172E-4
4.06701819392935E-4 1.80603437511567E-4
4.076476215960686E-4 1.8086629764191091E-4
3.97403084316496E-4 1.804146488830036E-4
4.011876917640281E-4 1.8049882387218854E-4
3.992735801178069E-4 1.8022748424264295E-4
4.01088783223666E-4 1.8040029721808296E-4
4.000473692516815E-4 1.8048396220019577E-4
3.9434657127469135E-4 1.8003795570461375E-4
3.892406959692781E-4 1.7897763493283017E-4
3.891033528529394E-4 1.7880026205651845E-4
3.902066060207884E-4 1.7897427069503473E-4
3.9103637689962554E-4 1.777480000788849E-4
3.9076003213603654E-4 1.7670148742277318E-4
3.8834159649366496E-4 1.7670461794916408E-4
3.885503484714665E-4 1.771423298936839E-4
3.829959751131515E-4 1.7627715795610002E-4
3.8237209187641844E-4 1.769735942127846E-4
3.790407711157086E-4 1.7671700907035916E-4
3.812352031976738E-4 1.7663388143137975E-4
3.8375617131723683E-4 1.759490055564589E-4
3.823917060932876E-4 1.7543864678260968E-4
3.8023372933044045E-4 1.756156585751721E-4
3.775718126751065E-4 1.7493714470952847E-4
3.721912105889032E-4 1.743467372791415E-4
3.823258699995019E-4 1.7452490551320032E-4
3.843484191684512E-4 1.7351301787580287E-4
3.850062272916869E-4 1.727596173761332E-4
3.822772012068091E-4 1.7268613223806524E-4
3.7655978397301546E-4 1.721907954345827E-4
3.70870237984561E-4 1.7312986873613067E-4
3.7119939656133456E-4 1.7271973238894474E-4
3.722697907612433E-4 1.722273476388351E-4
3.7124220735117023E-4 1.722394328503831E-4
3.7072023950469575E-4 1.721678932494696E-4
3.747043610118887E-4 1.7243027087468396E-4
3.734283677614558E-4 1.725251127557123E-4
3.739106513079845E-4 1.7270264438155124E-4
3.7838850014892055E-4 1.7213332169886184E-4
3.766361661361753E-4 1.720627115752152E-4
3.765727884828861E-4 1.727355406568539E-4
3.734937638913378E-4 1.7233437774589786E-4
3.777861553676482E-4 1.7300398506591498E-4
3.765453010935576E-4 1.7268596404033823E-4
3.7581344733994776E-4 1.7294262843258026E-4
3.7026299470509715E-4 1.715631679388009E-4
3.6873694739526905E-4 1.714946614211337E-4
3.717771631285522E-4 1.711006934938096E-4
3.688725088272646E-4 1.712771849058251E-4
3.6395144418271746E-4 1.7112853107116994E-4
3.677353726940271E-4 1.708995062967823E-4
3.7457716507025127E-4 1.7107535526840814E-4
3.766346091773565E-4 1.7036350296229126E-4
3.7932787591067824E-4 1.7062019168503635E-4
3.8048450882067163E-4 1.7055458600082247E-4
3.8332017660400294E-4 1.7129091445388387E-4
3.7862367169885964E-4 1.7082420034706438E-4
3.827296940131032E-4 1.7003986047715457E-4
3.8084208975477495E-4 1.7005558537378548E-4
3.741092051604446E-4 1.6999169960235077E-4
3.6494446147896655E-4 1.7032504499669873E-4
3.661396848549226E-4 1.6970617439491885E-4
3.7163851663352555E-4 1.7035516113438192E-4
3.747213244697103E-4 1.699754245399908E-4
3.756807309749084E-4 1.696759283275112E-4
3.7282371727942237E-4 1.6977077769043936E-4
3.711511556295069E-4 1.704147063495728E-4
3.711370063222925E-4 1.6995939653740094E-4
3.7425228744260525E-4 1.7044414063208203E-4
3.7304947015552624E-4 1.703026817330918E-4
3.6603929356588674E-4 1.7078494889685752E-4
3.6348740343265047E-4 1.706433809762729E-4
3.650582343289381E-4 1.6972628348146417E-4
3.6259522098075914E-4 1.6974215416336E-4
3.627701600341035E-4 1.6991259644170148E-4
3.6606821481514754E-4 1.7015957255626002E-4
3.64795469158551E-4 1.694813027838351E-4
3.743090664541282E-4 1.6872867556748475E-4
3.692189640892952E-4 1.685927716780775E-4
3.7236953303956117E-4 1.6838077376426556E-4
3.7552755191836915E-4 1.678637351987803E-4
3.668497826526388E-4 1.6757755345017019E-4
3.6573751418446376E-4 1.6767329937344435E-4
3.675850800654219E-4 1.6738852241180024E-4
3.677476307922617E-4 1.6756015808898011E-4
3.669531093363433E-4 1.672008787571983E-4
3.5771151610279584E-4 1.6706976429622597E-4
3.5834409394732987E-4 1.6656173903864999E-4
3.587589447135419E-4 1.659048872786097E-4
3.5892550856270005E-4 1.6615286529400464E-4
3.611447652030437E-4 1.6542407915274947E-4
3.640560107771593E-4 1.655221694698314E-4
3.633251789944863E-4 1.6509634386451484E-4
3.576393879165369E-4 1.6414944455699356E-4
3.5669967235825017E-4 1.636531097263891E-4
3.571888101606646E-4 1.6367929395558824E-4
3.554342163568623E-4 1.640024090827604E-4
3.556611422880974E-4 1.641761180984067E-4
3.5676169550855844E-4 1.636093033015804E-4
3.571622669196309E-4 1.634876630149341E-4
3.560794594262794E-4 1.6358763476645178E-4
3.5087922296100026E-4 1.6331927785813487E-4
3.4610710335262736E-4 1.6275802195708726E-4
3.389941766613534E-4 1.6256542493075759E-4
3.341447060469483E-4 1.620806989085439E-4
3.2807015342080934E-4 1.6254764329725265E-4
3.2866218267503685E-4 1.6272116041297755E-4
3.259336533085294E-4 1.6245717143376732E-4
3.2379843005663866E-4 1.623394869472048E-4
3.2311751672978585E-4 1.6258501476931948E-4
3.2092010256077935E-4 1.625399513574421E-4
3.245148316193782E-4 1.6191660113533903E-4
3.260037956794296E-4 1.6172850549722384E-4
3.2502625587734716E-4 1.6132490677093727E-4
3.2306809015345017E-4 1.6106656966715635E-4
3.2175865806533335E-4 1.600911052675133E-4
3.2201738699247937E-4 1.604809085423894E-4
3.2772950920671403E-4 1.602969310512129E-4
3.275646138207399E-4 1.6025644997672836E-4
3.294964718031436E-4 1.5978826949041643E-4
3.3549382624969634E-4 1.5989117220485506E-4
3.3076722553815026E-4 1.5935417098155832E-4
3.309542207010557E-4 1.589608930852581E-4
3.2504900683116725E-4 1.5899386815189078E-4
3.300512063438006E-4 1.586025540546017E-4
3.2946086420392593E-4 1.5814200259194798E-4
3.211929684951109E-4 1.584580252917285E-4
3.1914269909210193E-4 1.5842129759957737E-4
3.1920585680948364E-4 1.5866555528687494E-4
3.2440840510887677E-4 1.586986958669177E-4
3.280517287780702E-4 1.5838183862352937E-4
3.306348427157431E-4 1.58415347114745E-4
3.2951297348565267E-4 1.584487424015987E-4
3.244263723555414E-4 1.581339096526378E-4
3.240327802734574E-4 1.5795914868711736E-4
3.25778155227688E-4 1.5764619704607637E-4
3.246709574082432E-4 1.5774993135281938E-4
3.2197686712009564E-4 1.5743837857378254E-4
3.2032740138808274E-4 1.5747307251752523E-4
3.1600795901759655E-4 1.5750765062172306E-4
3.118815500724321E-4 1.5761092427712844E-4
3.071786786776866E-4 1.573016763536519E-4
3.0924082803942675E-4 1.579536066908177E-4
3.0774078088579876E-4 1.5785022157701242E-4
3.0605357229091727E-4 1.5829401968454893E-4
3.085964953969234E-4 1.5805392941928634E-4
3.08713236520253E-4 1.57405854432792E-4
3.138871513753874E-4 1.5737207027392294E-4
3.107595872247406E-4 1.5720258643487595E-4
3.0808324370377505E-4 1.572370409020305E-4
3.136907997205793E-4 1.5720369963825523E-4
3.1736410391793946E-4 1.571028955194796E-4
3.1987178260676975E-4 1.570024208259287E-4
3.195990502994322E-4 1.5683492241696866E-4
3.1776300938456256E-4 1.568696951116189E-4
3.1664760919603507E-4 1.5650155972986808E-4
3.177232549198938E-4 1.566037842171001E-4
3.174061973787504E-4 1.565718475652074E-4
3.170582254525306E-4 1.5667362749449476E-4
3.12337271643653E-4 1.56508283825091E-4
3.1028583060834826E-4 1.566098379541871E-4
3.10731132903455E-4 1.5617919400965892E-4
3.0333594577863147E-4 1.5608181971553799E-4
3.0769764908659676E-4 1.5585221713044177E-4
3.0437010792238976E-4 1.5568951469294674E-4
3.010239969506648E-4 1.5579156641962161E-4
2.99865020628663E-4 1.558273392479162E-4
2.964720822507353E-4 1.5546791196894826E-4
2.940596559206324E-4 1.5530685780360513E-4
2.971473732481301E-4 1.5521195402818822E-4
2.967486240323924E-4 1.5459307868465722E-4
3.035296721068968E-4 1.5489218839302281E-4
3.059812223342365E-4 1.5512502483184788E-4
3.1080404740708545E-4 1.5503100802021218E-4
3.133975566978225E-4 1.5441632265677903E-4
3.1182173971724806E-4 1.547138265654509E-4
3.100561305561105E-4 1.5468581562745352E-4
3.1056455320183475E-4 1.5517640424571774E-4
3.075122021381603E-4 1.5508304371095378E-4
3.0656506807995516E-4 1.546669199311278E-4
3.046616225936612E-4 1.5444562694561146E-4
3.0607702126815085E-4 1.548047098857839E-4
3.090957398429124E-4 1.54648200830095E-4
3.098057006634615E-4 1.5519847929287026E-4
3.0477804403142197E-4 1.5478540703993434E-4
3.013662284638548E-4 1.5450163574571416E-4
3.01782627347667E-4 1.5396309911845548E-4
2.995101652722192E-4 1.5425578568034856E-4
2.992576692316979E-4 1.5378300431582529E-4
3.0370349245270535E-4 1.5337529544692927E-4
3.069288004457603E-4 1.5271477037804296E-4
3.0348508886288573E-4 1.5281731580582607E-4
3.059802653969685E-4 1.5298286950980137E-4
3.023021106572546E-4 1.5257888341315865E-4
3.0565359091052767E-4 1.526811662273049E-4
3.0784277611068636E-4 1.5297223514094765E-4
3.0702386423814916E-4 1.5319947993148054E-4
3.108635787937051E-4 1.528604646429014E-4
3.14001422854776E-4 1.5302444316289348E-4
3.12430978284459E-4 1.5243612153078542E-4
3.12491730001103E-4 1.529130225064383E-4
3.129895224213712E-4 1.526389527632634E-4
3.1435893905949557E-4 1.5249044361427595E-4
3.120703277317195E-4 1.5246692691199068E-4
3.1281595896094595E-4 1.526300163756741E-4
3.1200633016677986E-4 1.5248219063094891E-4
3.112866184532887E-4 1.5289273430647138E-4
3.064477345133315E-4 1.5311635062344883E-4
3.090256148840844E-4 1.5309207295784378E-4
3.103305760547748E-4 1.5257415801252038E-4
3.124328847056747E-4 1.5193454583738362E-4
3.130351274900587E-4 1.5197366776151868E-4
3.119492650093249E-4 1.521355497005606E-4
3.128711646662003E-4 1.5186752202235446E-4
3.0764062313375106E-4 1.513552660171827E-4
3.078461690963003E-4 1.5108918847088736E-4
3.027796846873514E-4 1.5057959939702E-4
3.026069254238132E-4 1.5031545364055135E-4
3.0283710828584397E-4 1.4974761445760615E-4
3.024167301412246E-4 1.4985030109885403E-4
2.991260162828449E-4 1.4958839318880837E-4
2.974100580162973E-4 1.4914537566792808E-4
2.989191364419626E-4 1.4906688154387894E-4
2.9728046160648364E-4 1.4916996347992713E-4
2.9872495662955324E-4 1.4921238364579273E-4
3.0325945967891825E-4 1.496765856630423E-4
3.018916325618321E-4 1.49597774872085E-4
3.001332559685495E-4 1.4891822572924066E-4
2.9722156935543765E-4 1.4938083116489855E-4
2.992410738878557E-4 1.4954248210776166E-4
3.003571924593217E-4 1.4976349998547576E-4
2.9748291899713334E-4 1.5010337595018004E-4
2.90074202777488E-4 1.5002463174081026E-4
2.874218943152252E-4 1.502439970885587E-4
2.8917352713426223E-4 1.5016527718362751E-4
2.86063658468027E-4 1.4996797377645775E-4
2.8574803016036406E-4 1.4935599967716805E-4
2.8503465535654527E-4 1.4916042350718767E-4
2.902132366957482E-4 1.4884710833788656E-4
2.900969508462364E-4 1.4900721022981732E-4
2.8881236238655354E-4 1.487539898184433E-4
2.84801843360386E-4 1.4909045743866832E-4
2.901888332213793E-4 1.4913190316444223E-4
2.9470946034222895E-4 1.486446699800497E-4
2.9147602847249003E-4 1.4833475771492904E-4
2.915633523615267E-4 1.4843566138322654E-4
2.928385647889257E-4 1.4812692310270506E-4
2.978373133268929E-4 1.4793585165447025E-4
2.948806077892885E-4 1.481535196856511E-4
2.946691466761093E-4 1.4749709372521724E-4
2.922485819274095E-4 1.4748216664954664E-4
2.9128653096607447E-4 1.474672815628372E-4
2.9084906214563893E-4 1.471625050934163E-4
2.886792901154316E-4 1.4766925789468018E-4
2.8977843673110644E-4 1.4748070068362415E-4
2.861972984030183E-4 1.4729267090532642E-4
2.8620125011192784E-4 1.4722049173236684E-4
2.8453530499452165E-4 1.4720609616509595E-4
2.824139838252654E-4 1.4747925105158369E-4
2.826528693411042E-4 1.4729226935220838E-4
2.832924876868037E-4 1.4664706830274437E-4
2.8679572748071354E-4 1.463472338603479E-4
2.8582527352112694E-4 1.4581949598464628E-4
2.817744621760171E-4 1.4557874000440183E-4
2.8130273138624604E-4 1.452245980270506E-4
2.7883678996534495E-4 1.4555479553542166E-4
2.7832724232966705E-4 1.4537226745507084E-4
2.785009765850848E-4 1.451902415152437E-4
2.769161551215057E-4 1.4540570109795685E-4
2.778222197123123E-4 1.4511085985548371E-4
2.775822484053687E-4 1.4464715590299199E-4
2.784395756952547E-4 1.4469303579496047E-4
2.782344815147413E-4 1.4485159494113898E-4
2.797332558114442E-4 1.4467176931257097E-4
2.7752451908062865E-4 1.4426743919289354E-4
2.7006533880645977E-4 1.4465061856613998E-4
2.7502197028992173E-4 1.4458399052877602E-4
2.805728600498422E-4 1.4490968089657415E-4
2.796762329551082E-4 1.4484288239002916E-4
2.7585616059554315E-4 1.4444105638066428E-4
2.809726423325293E-4 1.4459824188663321E-4
2.8341727923174103E-4 1.4492215490918316E-4
2.84280821614052E-4 1.4496698402242147E-4
2.834194539294972E-4 1.4534509612808304E-4
2.8474297661474734E-4 1.455557140334626E-4
2.854880670542175E-4 1.4471282255960118E-4
2.8721374552662235E-4 1.4453631664357067E-4
2.892823595746852E-4 1.4430501357211702E-4
2.8946878407219636E-4 1.443503081488013E-4
2.91143008700803E-4 1.4434035963324776E-4
2.9066587140989515E-4 1.442753889978251E-4
2.8683650851536323E-4 1.4410064068917384E-4
2.8617884686744227E-4 1.438165526501392E-4
2.8858591958279235E-4 1.437525364886732E-4
2.9043568596869745E-4 1.4412674304310335E-4
2.8516507762264983E-4 1.4428122196728148E-4
2.8424349162219195E-4 1.4399839817543983E-4
2.843475490279737E-4 1.4382540083201218E-4
2.8570506496244734E-4 1.4408860123284498E-4
2.8057237131323513E-4 1.4413352449463567E-4
2.803327430657989E-4 1.4406968088749315E-4
2.815561270411665E-4 1.440060050690685E-4
2.820881632549302E-4 1.440508598615396E-4
2.814153037400888E-4 1.4366271123979367E-4
2.8017218662119926E-4 1.432215388095538E-4
2.8142468340194425E-4 1.4278151977128832E-4
2.799749111505115E-4 1.4266604245583432E-4
2.826910661790317E-4 1.4271235186193095E-4
2.807422673572052E-4 1.4302733290325157E-4
2.799622158073335E-4 1.4312674058980767E-4
2.7975513144040307E-4 1.4322589007458028E-4
2.837308566910978E-4 1.4321768382286125E-4
2.8234907969785735E-4 1.43262978736215E-4
2.8026661507801645E-4 1.4336156717751987E-4
2.80944385640585E-4 1.4361992601148081E-4
2.806803613613903E-4 1.4366452656750726E-4
2.8025740484992974E-4 1.4397503335233775E-4
2.821735105496227E-4 1.4401906208281367E-4
2.814843847954491E-4 1.439568427010444E-4
2.782530599125604E-4 1.441067804264572E-4
2.744477751495542E-4 1.435682255806168E-4
2.758328697577909E-4 1.4382400417099165E-4
2.707205115758068E-4 1.433399843288338E-4
2.695758561222077E-4 1.4306811517303077E-4
2.664856512992103E-4 1.4306024623786007E-4
2.6643801770702966E-4 1.426842375948428E-4
2.695341863864179E-4 1.4230918571682066E-4
2.706960613387344E-4 1.4235477170311685E-4
2.6944447890972186E-4 1.4213827189418898E-4
2.6997447492263407E-4 1.417653380406721E-4
2.682842930114426E-4 1.4202048483386522E-4
2.632276735461337E-4 1.4253596303170796E-4
2.619304356667316E-4 1.424767160873072E-4
2.6052768310360404E-4 1.4236555490199342E-4
2.62996569976087E-4 1.4246266609716058E-4
2.630640000609273E-4 1.425076002994687E-4
2.61011823915028E-4 1.4250055415587534E-4
2.621924640145252E-4 1.4213090912113698E-4
2.640290461981906E-4 1.421760901334311E-4
2.6344490207263094E-4 1.42066139953206E-4
2.626959819402076E-4 1.4185324843109937E-4
2.6162000763968007E-4 1.4117699536173769E-4
2.669301634242798E-4 1.4086278457999253E-4
2.6955349774925757E-4 1.4070360229433967E-4
2.70949405670695E-4 1.402880592249892E-4
2.741916853767207E-4 1.3997612368359417E-4
2.730718857419268E-4 1.3976741003419524E-4
2.7047340217603393E-4 1.3909876955072337E-4
2.681619373755118E-4 1.3878946407900485E-4
2.706592674514694E-4 1.3909333098570097E-4
2.652305155202248E-4 1.3873382497395242E-4
2.6751132975400536E-4 1.3883337863473033E-4
2.6942103027643516E-4 1.3847507824413255E-4
2.662443175876142E-4 1.382192250548225E-4
2.653697238004148E-4 1.3811616199717956E-4
2.6474651510572387E-4 1.3786137705648976E-4
2.6618088050024094E-4 1.377084089586273E-4
2.6862121404881776E-4 1.375052810679408E-4
2.705375002084075E-4 1.37605484689942E-4
2.7042635415538334E-4 1.379070870182767E-4
2.6905938036016577E-4 1.3820795373117655E-4
2.6912829414402434E-4 1.381560711846907E-4
2.6987542560972524E-4 1.3830522235210306E-4
2.7067721352302975E-4 1.3825334769926504E-4
2.6844203308965756E-4 1.380512840761686E-4
2.6858440605888225E-4 1.379497987574502E-4
2.6878633787442833E-4 1.380484937273138E-4
2.6760993935464694E-4 1.3784741081140152E-4
2.68697038500357E-4 1.3779640232378681E-4
2.684642647370325E-4 1.3784512241378464E-4
2.688233137240415E-4 1.3799321061665678E-4
2.6700665562315567E-4 1.3789252792774799E-4
2.6633569766127915E-4 1.377920872645337E-4
2.695113561745062E-4 1.3729537887726656E-4
2.6890943907021867E-4 1.3694837418013484E-4
2.658158131211908E-4 1.365527557374479E-4
2.6914421695482316E-4 1.3645439824988347E-4
2.658208526574535E-4 1.3655358277272074E-4
2.6607449102409567E-4 1.3680033423082403E-4
2.6568780566385043E-4 1.3655440586503645E-4
2.687887819355681E-4 1.366039665210684E-4
2.6537480343198194E-4 1.3680068572583586E-4
2.661573041043601E-4 1.366537008368512E-4
2.673297536428316E-4 1.3640911333329022E-4
2.6546653127501217E-4 1.3636077597515406E-4
2.68689132677306E-4 1.361171140335681E-4
2.7273374953474844E-4 1.3621564208301398E-4
2.7111446826005045E-4 1.363626818571754E-4
2.7149516873864856E-4 1.361685665746407E-4
2.731393406651811E-4 1.3592627902312183E-4
2.7405105888836715E-4 1.3578170623509546E-4
2.760279701504192E-4 1.358315342617662E-4
2.7945399031559367E-4 1.3568741204925323E-4
2.8114843830553114E-4 1.3564043077260262E-4
2.8190149550258025E-4 1.3554521468988712E-4
2.834736920721016E-4 1.3569166277890203E-4
2.8504221528515255E-4 1.3516252241787304E-4
2.8879047973553627E-4 1.348273193129156E-4
2.873385862665464E-4 1.3449289756717716E-4
2.8555362921013996E-4 1.34832142480986E-4
2.837248156737082E-4 1.3473853056662842E-4
2.8129061580018245E-4 1.349807985969382E-4
2.8360420509817663E-4 1.351746083639144E-4
2.8264556047265894E-4 1.349852437218564E-4
2.846411660990969E-4 1.3522638499609415E-4
2.8140314137747413E-4 1.353237785901621E-4
2.805868108339937E-4 1.3494419798501926E-4
2.7887617725906653E-4 1.3494645250868045E-4
2.7461546139552495E-4 1.3461574629780557E-4
2.748303321051856E-4 1.3476090462289175E-4
2.734131867153334E-4 1.3471590632225204E-4
2.70681185825522E-4 1.3471841259513027E-4
2.683342261022726E-4 1.3429479112151617E-4
2.6582759819576273E-4 1.3448694464569596E-4
2.673342571538625E-4 1.341590344818788E-4
2.676847131569957E-4 1.3350158193154468E-4
2.658810519200707E-4 1.33222675957196E-4
2.699136522035598E-4 1.3308563688449774E-4
2.695406290198543E-4 1.3332509664278793E-4
2.689811858261682E-4 1.3337613220625678E-4
2.669848609938918E-4 1.3352088470465611E-4
2.663989643768817E-4 1.333841293408604E-4
2.6944695225409037E-4 1.3343492438348077E-4
2.6817693075008493E-4 1.3320506199497744E-4
2.7018127013687986E-4 1.3260208629121886E-4
2.6699579576913853E-4 1.3246698722106008E-4
2.696988388283817E-4 1.3251858808980828E-4
2.706084539512917E-4 1.3280280365182218E-4
2.7178563272417977E-4 1.3294689771392332E-4
2.6800792854466836E-4 1.3281201864922897E-4
2.655747001485666E-4 1.3244549612775403E-4
2.669647134250665E-4 1.3245049430269396E-4
2.6830532478061965E-4 1.3203891357769511E-4
2.6756240630670144E-4 1.3195188892210248E-4
2.6857580349818515E-4 1.317726954470977E-4
2.6625686615361203E-4 1.3182455316942715E-4
2.6414905571445614E-4 1.3164590179565313E-4
2.665458142807407E-4 1.3155970335009903E-4
2.6870735463789465E-4 1.3156564896997532E-4
2.6622567112305007E-4 1.3152565646062757E-4
2.6595144843021066E-4 1.3139400507478313E-4
2.647613752453941E-4 1.3140011480277918E-4
2.6458092828994637E-4 1.3154352745909276E-4
2.6741849798065536E-4 1.3141229366257182E-4
2.664134739407266E-4 1.31190008421059E-4
2.650164492771533E-4 1.307857327074487E-4
2.659137771691383E-4 1.3102033046898942E-4
2.671441691638257E-4 1.3111785143193959E-4
2.6437051750864574E-4 1.3098780909468052E-4
2.6496402463931936E-4 1.3090347255676952E-4
2.63786806490167E-4 1.305471027787252E-4
2.627934526484015E-4 1.3069003497194023E-4
2.603536285498739E-4 1.3087792398812283E-4
2.632551901099108E-4 1.3079407729824926E-4
2.6547283435363414E-4 1.308910989246898E-4
2.6682831625832876E-4 1.310781521692861E-4
2.6552155614026395E-4 1.3081407116080675E-4
2.651631381659572E-4 1.305955895514002E-4
2.6516529615179356E-4 1.3114214850961568E-4
2.6696446737086246E-4 1.310585617279224E-4
2.6760751767175475E-4 1.3075077357546747E-4
2.6594250263023444E-4 1.3071262114277562E-4
2.655321154441042E-4 1.3071933074023385E-4
2.659811695319156E-4 1.3050237202365172E-4
2.6843995717362127E-4 1.3059865933083914E-4
2.6868744555022246E-4 1.3056083632947206E-4
2.659660223382355E-4 1.306568525363137E-4
2.6482820657428117E-4 1.3052997287791508E-4
2.6278417377652286E-4 1.3026989742050582E-4
2.5883354154656137E-4 1.3009926558503465E-4
2.60573846512148E-4 1.2997339477171813E-4
2.5703319277211353E-4 1.2998083352061985E-4
2.57442730710725E-4 1.2967816466648768E-4
2.6121655006915536E-4 1.2946464727170578E-4
2.5862898484676296E-4 1.294726068249472E-4
2.5742593652482897E-4 1.290831393177587E-4
2.580433750971761E-4 1.2909148945737555E-4
2.5688773343183796E-4 1.2932013387061562E-4
2.567430978356912E-4 1.2915215176869375E-4
2.5378478184283695E-4 1.2929230744391064E-4
2.5408297294042515E-4 1.2947608671017317E-4
2.568375369243498E-4 1.2957172513435446E-4
2.564305975249077E-4 1.2957950341977364E-4
2.56943944556419E-4 1.297186114021467E-4
2.588120102329028E-4 1.2990116034952836E-4
2.5835351155775645E-4 1.3008332294993158E-4
2.57832148255874E-4 1.2982866821996568E-4
2.5681880393361024E-4 1.2979253697904317E-4
2.5412074832008595E-4 1.2966937967126007E-4
2.512543577892764E-4 1.2967699768003555E-4
2.498037251075409E-4 1.2955422127110987E-4
2.508548759868058E-4 1.2960535811197318E-4
2.5237602462099763E-4 1.295262830468696E-4
2.517774257149386E-4 1.2944737393153554E-4
2.53430498211732E-4 1.2923879852420176E-4
2.536966872249178E-4 1.2911712377098333E-4
2.531549182844525E-4 1.2890933016383276E-4
2.5516019426509787E-4 1.2874511239173658E-4
2.5641791977468946E-4 1.2853814091255428E-4
2.5729528161597245E-4 1.289773751131954E-4
2.603017262405347E-4 1.2855555909815135E-4
2.65610378355013E-4 1.283494309776903E-4
2.653281521672098E-4 1.2822956609018815E-4
2.6579707876689623E-4 1.2785271346455322E-4
2.6476604178167495E-4 1.2777644083246698E-4
2.6360878988782586E-4 1.2774311020265753E-4
2.598040766212552E-4 1.2745341077332716E-4
2.5852626320532356E-4 1.2737778769717417E-4
2.601513803041327E-4 1.2768618283233096E-4
2.5879063123214615E-4 1.273122244265223E-4
2.5768806815989575E-4 1.2740723434346898E-4
2.5586494365436544E-4 1.2728945079543318E-4
2.586543732814475E-4 1.270444821715718E-4
2.602230097320308E-4 1.2692731354570246E-4
2.636535231355317E-4 1.2685277410277412E-4
2.6237669184533995E-4 1.2673604244646427E-4
2.6177930466734795E-4 1.2606962752497602E-4
2.592392525716925E-4 1.2565812739513557E-4
2.5721097751835664E-4 1.2524746877885318E-4
2.572954510827412E-4 1.2521719800693022E-4
2.569163325008071E-4 1.2514485994379415E-4
2.5693008430517845E-4 1.251568416054204E-4
2.5868120132238517E-4 1.2491653927018277E-4
2.579507263120492E-4 1.2459272486048433E-4
2.577701180422593E-4 1.2473110454131478E-4
2.585061562130434E-4 1.2465962717237285E-4
2.6047184368022016E-4 1.2446267667355206E-4
2.6474825329059193E-4 1.2384782245808412E-4
2.6426606192872016E-4 1.2390281996261238E-4
2.638683370548051E-4 1.2362374073258882E-4
2.6167219455115265E-4 1.2342863234329846E-4
2.6286648916138723E-4 1.2281730331571356E-4
2.5848137062825353E-4 1.2283149844341862E-4
2.557681853422294E-4 1.22887242510376E-4
2.5542799414648976E-4 1.2302594581851213E-4
2.5641629336707584E-4 1.2320586428274518E-4
2.5329883073545905E-4 1.2284654161539676E-4
2.5201900941255746E-4 1.2277781478943698E-4
2.535362468923793E-4 1.2233690266413497E-4
2.5344795941638495E-4 1.2239280702276145E-4
2.540134738760946E-4 1.221595941641409E-4
2.5071470867520877E-4 1.220918282320424E-4
2.511450255954091E-4 1.2218901387638648E-4
2.5516375864760577E-4 1.2216251673699462E-4
2.5551033505635606E-4 1.220949503818118E-4
2.52950459934462E-4 1.218221130794114E-4
2.5173651243312286E-4 1.2187814016077581E-4
2.507240591118155E-4 1.2181105749540608E-4
2.51637474620087E-4 1.2174410793056294E-4
2.488574648649692E-4 1.218818821851388E-4
2.46348677590551E-4 1.2185587278007066E-4
2.4834576670626995E-4 1.2207493848915394E-4
2.5071351150684985E-4 1.2200799279512672E-4
2.486457961424515E-4 1.2169663937137686E-4
2.486179819391676E-4 1.2163019879619154E-4
2.490376623020586E-4 1.2140118377117292E-4
2.4925333499232116E-4 1.2141643739935006E-4
2.4678922451351214E-4 1.2130987198322548E-4
2.4806115039892524E-4 1.2132518534080505E-4
2.492495465241442E-4 1.2134046864272683E-4
2.495046426574943E-4 1.2131524502941658E-4
2.5085104628831895E-4 1.2137094543284712E-4
2.5086168976645794E-4 1.207397753092083E-4
2.513390200297237E-4 1.207555711006942E-4
2.5090576005709067E-4 1.2052942303165262E-4
2.4926496048636884E-4 1.2050511372436932E-4
2.4468982178606127E-4 1.2023941035959839E-4
2.43460280644494E-4 1.2005462654750047E-4
2.4319701846077892E-4 1.1950874466655891E-4
2.4463631609279095E-4 1.1920466131366293E-4
2.408850176395577E-4 1.192218401570468E-4
2.3762153726595246E-4 1.1927903076497601E-4
2.3872506661756809E-4 1.1909607282366795E-4
2.376093287412656E-4 1.1911330689644189E-4
2.4048650391618237E-4 1.1913050763445223E-4
2.4094969940111478E-4 1.1898811383216564E-4
2.3726612345648145E-4 1.1912495767093549E-4
2.3694803772688505E-4 1.1886340367266968E-4
2.3563109807115746E-4 1.1848302852526911E-4
2.3714997613824183E-4 1.1873917362928348E-4
2.3991770478589542E-4 1.1875663487579286E-4
2.3958407178019934E-4 1.1841711888417714E-4
2.4077780445057437E-4 1.1831598864455763E-4
2.401988969341185E-4 1.1805671488887676E-4
2.4062743687971175E-4 1.1775839138279207E-4
2.4347818648832282E-4 1.1722358723117185E-4
2.4501678964112107E-4 1.1736080973936146E-4
2.474804079057847E-4 1.1761606951190859E-4
2.472809470076599E-4 1.1724051410270909E-4
2.4596092885603336E-4 1.1725925419412621E-4
2.4493754725338256E-4 1.1708135627140326E-4
2.461945300706277E-4 1.1690379687945613E-4
2.4555957326897007E-4 1.1676582076290522E-4
2.456586941375295E-4 1.1698098266594445E-4
2.4135240973927302E-4 1.1731325001205054E-4
2.4292111579511297E-4 1.1729268046992193E-4
2.3811403133754063E-4 1.1692027641708194E-4
2.3800299509296567E-4 1.1697823770422945E-4
2.358882138573413E-4 1.169970662791773E-4
2.350805549142422E-4 1.1689890040847061E-4
2.3298731833702605E-4 1.1711251588418273E-4
2.3401623165816377E-4 1.1724790308014258E-4
2.3201086644126004E-4 1.1722753065075106E-4
2.293490011797424E-4 1.1705183818102792E-4
2.2933074949148962E-4 1.1730330994175637E-4
2.269477661604925E-4 1.1712787625667961E-4
2.2690244987828042E-4 1.1703023229133634E-4
2.2504314196955435E-4 1.1708754730974361E-4
2.2407794478414625E-4 1.1675817740365184E-4
2.2118211313255454E-4 1.1697012607274414E-4
2.211575859058573E-4 1.1718167857609983E-4
2.2280472928315465E-4 1.1696879180656303E-4
2.210569272121022E-4 1.1702589681134417E-4
2.2308855113465005E-4 1.1704441775560118E-4
2.2088117801572524E-4 1.1683225344521627E-4
2.1949230743487395E-4 1.1673570196219818E-4
2.2172835490195594E-4 1.1663932994290303E-4
2.2114369542842094E-4 1.1635146331764183E-4
2.2271516977398584E-4 1.1633222483874452E-4
2.2279144862458525E-4 1.1661913128331369E-4
2.210431576923135E-4 1.165232241332372E-4
2.2174565885971827E-4 1.164274944246965E-4
2.17677165693537E-4 1.1675167489700437E-4
2.2187440265440455E-4 1.1673215569863807E-4
2.2302243350985564E-4 1.1678884684368729E-4
2.222440549807189E-4 1.1650296493372676E-4
2.218729686739629E-4 1.1652174569345552E-4
2.226635493311641E-4 1.1616067141100597E-4
2.2242689463620883E-4 1.1610383797784659E-4
2.2163636622236167E-4 1.163883195577833E-4
2.229238601288299E-4 1.1583897391232367E-4
2.2414441190962448E-4 1.1570690603730576E-4
2.2467619420115889E-4 1.1576412073592734E-4
2.2465604617801893E-4 1.158967778357093E-4
2.2530477728024717E-4 1.1606693143707562E-4
2.235651635900186E-4 1.1627447880988499E-4
2.2268411721017962E-4 1.1648164744661249E-4
2.2246671544693406E-4 1.1631208025234491E-4
2.2458100493447455E-4 1.1633082960548407E-4
2.2530145584558905E-4 1.1649981412607094E-4
2.255326656367486E-4 1.164808255523803E-4
2.2685092874441277E-4 1.1631187515254625E-4
2.251321301753327E-4 1.1603083622276753E-4
2.2596176198573438E-4 1.1575030688307019E-4
2.250696205510892E-4 1.1573206601004783E-4
2.2515054060343357E-4 1.1578858482536172E-4
2.23962109484151E-4 1.1550903544897041E-4
2.2378281297139415E-4 1.1571483695684241E-4
2.22299664067281E-4 1.1580848046488214E-4
2.2357410428024247E-4 1.156785836585728E-4
2.2681758496799118E-4 1.1569770103365443E-4
2.3102142722088907E-4 1.1582826865720449E-4
2.2946284756812597E-4 1.1540167941093462E-4
2.2979890223061793E-4 1.1508714105351565E-4
2.2902250921150288E-4 1.1484729035370947E-4
2.2898807361363836E-4 1.1449678516116884E-4
2.265490208298986E-4 1.1429488835403712E-4
2.2396648743544805E-4 1.1435208662492157E-4
2.2419516877595627E-4 1.1429839593575229E-4
2.2431275375946842E-4 1.1398653006592913E-4
2.2509366159549887E-4 1.1382267283849077E-4
2.2535755548618757E-4 1.1373276805380056E-4
2.22088445336471E-4 1.1349583462547219E-4
2.219869007223941E-4 1.1340638099642068E-4
2.2052646204489526E-4 1.1317015953776679E-4
2.1768813711593553E-4 1.1333804812282688E-4
2.170126259825858E-4 1.1328563946209037E-4
2.1817001224844472E-4 1.1312342188966171E-4
2.1819070005025306E-4 1.1299809343255022E-4
2.1724335009221758E-4 1.1323867775333277E-4
2.162264708801318E-4 1.1304039569196014E-4
2.1594147804919733E-4 1.1265994221543147E-4
2.1638643197119064E-4 1.1271782685740725E-4
2.1664840059529723E-4 1.1281204929077669E-4
2.1549000155835526E-4 1.1276047419980888E-4
2.1444277103143414E-4 1.1274536574947105E-4
2.1347007169722227E-4 1.1251222146753438E-4
2.1195944065323055E-4 1.1256998148113546E-4
2.1222890720037175E-4 1.1259136011779449E-4
2.104317638368351E-4 1.1225022108403958E-4
2.093032836232128E-4 1.123442751391104E-4
2.0958895053773622E-4 1.1211250404912824E-4
2.0875338064950259E-4 1.1227881956023275E-4
2.082082421131857E-4 1.1219199592912203E-4
2.086384754512189E-4 1.1217750326053563E-4
2.0787804107269558E-4 1.1212697783946413E-4
2.1028927486070137E-4 1.1168024796340193E-4
2.090777908950194E-4 1.1134228262138583E-4
2.0724608123824716E-4 1.1140050829587246E-4
2.0950751496557382E-4 1.1142270008151504E-4
2.0760046577841058E-4 1.1148075456573285E-4
2.0806415702212598E-4 1.1164631847812608E-4
2.0924382253334906E-4 1.1127401048790034E-4
2.079865058741858E-4 1.1115300347296539E-4
2.0904801332128926E-4 1.1128264413789145E-4
2.0801636127636776E-4 1.112690768122884E-4
2.071919488165387E-4 1.1146982268413184E-4
2.069127155045386E-4 1.1117064434784787E-4
2.0662080242852892E-4 1.1126416869976238E-4
2.0732682331306505E-4 1.1164251172877678E-4
2.082418856857313E-4 1.1187783524590383E-4
2.0745181518970186E-4 1.1204163109645037E-4
2.0843963151607656E-4 1.1206302286831155E-4
2.078282496097507E-4 1.1204887786418256E-4
2.0753714360223063E-4 1.1182194022123164E-4
2.0930200193300884E-4 1.118789045274213E-4
2.081957323407847E-4 1.119003624737949E-4
2.100657882083385E-4 1.1170951378992896E-4
2.1217734017470082E-4 1.1158968794102315E-4
2.1205778933183793E-4 1.1143474931603936E-4
2.13034914628508E-4 1.1159766390442773E-4
2.158444585535406E-4 1.1126669578894225E-4
2.1629254719082063E-4 1.111124293551078E-4
2.1480401779009185E-4 1.1124000471865643E-4
2.1532110529943885E-4 1.1147286484376517E-4
2.1272201252677946E-4 1.1174046604690144E-4
2.097826866638196E-4 1.1158632146296264E-4
2.1224634830233676E-4 1.1178321609609808E-4
2.1638144081610928E-4 1.1155920102425872E-4
2.1361092848611951E-4 1.1123051128689369E-4
2.1318934467236695E-4 1.1118228703676364E-4
2.1371236569757911E-4 1.1137885690774295E-4
2.1028748565218077E-4 1.1150523548125384E-4
2.0955568189919037E-4 1.1173609985666805E-4
2.0851128120794623E-4 1.1168761150892882E-4
2.0987266650805128E-4 1.1174372774979215E-4
2.1098807526588896E-4 1.1176493781914229E-4
2.1161465366603997E-4 1.1175132993813749E-4
2.122401772203991E-4 1.1166823909576595E-4
2.1123263438875897E-4 1.1165473543215831E-4
2.130023470531591E-4 1.1153717088328071E-4
2.134776317616017E-4 1.1128114217098285E-4
2.1232649050343646E-4 1.1109481566614336E-4
2.1326811661215599E-4 1.1108183793554845E-4
2.1573787076960478E-4 1.1113803853772289E-4
2.1576034418841167E-4 1.1122869444176234E-4
2.163844502344926E-4 1.11008514481083E-4
2.1725269842356228E-4 1.1123709365995949E-4
2.1710695831030536E-4 1.1074157151667623E-4
2.1857986404030523E-4 1.1055678284018386E-4
2.1719466624790394E-4 1.1047551836215083E-4
2.1615554278099083E-4 1.1042876597062E-4
2.1539293357563923E-4 1.104164395289359E-4
2.128807677232369E-4 1.1019821593952641E-4
2.1363147782831006E-4 1.0987748154146274E-4
2.1393430844827911E-4 1.1000269386449697E-4
2.1417774746707193E-4 1.1016193277317525E-4
2.1428485937338606E-4 1.1004726085063558E-4
2.1582066488705126E-4 1.0979606856064051E-4
2.1453294279942308E-4 1.0947699323566963E-4
2.1485103916635338E-4 1.0943141381657696E-4
2.1261164361528447E-4 1.0952228122371836E-4
2.1224976559243382E-4 1.0961299868464333E-4
2.1348768748574904E-4 1.095333831945494E-4
2.1287631335434115E-4 1.0958993342003319E-4
2.128221234582036E-4 1.0964639055872615E-4
2.1253035376869744E-4 1.0973670754335307E-4
2.128610193261756E-4 1.0945370325416676E-4
2.1526831564631346E-4 1.0944233928028503E-4
2.1311966448697651E-4 1.0929551737384928E-4
2.1275682045719365E-4 1.0925046030725886E-4
2.1378093109760419E-4 1.092054770442173E-4
2.1481029722900666E-4 1.0932949738280436E-4
2.165778324593324E-4 1.0914948957497069E-4
2.1704560745830677E-4 1.0927335300734204E-4
2.1887175112469558E-4 1.0909368492195015E-4
2.1842820969198665E-4 1.0881328264028771E-4
2.191031594327102E-4 1.0870157900510236E-4
2.192158593793199E-4 1.0882540372154583E-4
2.1852213045182E-4 1.0878105912627475E-4
2.163163285953877E-4 1.0877035288557561E-4
2.1669605531437932E-4 1.087261250571824E-4
2.1771188901249685E-4 1.0864845726833784E-4
2.165955819371767E-4 1.0860440004113996E-4
2.1510380863017E-4 1.0849349932981643E-4
2.161526893857713E-4 1.0854992998374533E-4
2.1705720224297648E-4 1.0867307593909648E-4
2.1569066405964336E-4 1.0859576497164418E-4
2.1699428099019474E-4 1.0845188021426394E-4
2.1686292925894612E-4 1.0850816227779728E-4
2.1536667167222504E-4 1.0853105800983066E-4
2.150372308121945E-4 1.0862045429174447E-4
2.1377754619016857E-4 1.0877619049419108E-4
2.1328383789050783E-4 1.085663089744607E-4
2.1166251452724746E-4 1.0855589585074037E-4
2.1027592855776952E-4 1.0828020475977896E-4
2.1150925080629134E-4 1.0823690274643522E-4
2.0976081646423728E-4 1.080943442320716E-4
2.1122414983145322E-4 1.0785276781404633E-4
2.128834737950314E-4 1.080082458363974E-4
2.1354926715388652E-4 1.0786621238799621E-4
2.139169710090493E-4 1.0759239486218946E-4
2.1589302064731251E-4 1.0751687330814678E-4
2.139089871899698E-4 1.075732727364179E-4
2.131462998916625E-4 1.075966583801681E-4
2.117926712465884E-4 1.0758710915681053E-4
2.113909781917509E-4 1.077419321731908E-4
2.1254062708278662E-4 1.0750236577888956E-4
2.1325825321355746E-4 1.0726318025325969E-4
2.1690315967109043E-4 1.0699158160937602E-4
2.1939543370357376E-4 1.0685148228693615E-4
2.1684163038814138E-4 1.0694079264504704E-4
2.1452390127703325E-4 1.0732439758452013E-4
2.140602945504607E-4 1.0695554297582722E-4
2.134341045792608E-4 1.0733852927589402E-4
2.141144061948211E-4 1.0726398451694124E-4
2.1365222151821983E-4 1.0735261631737409E-4
2.1322335243458218E-4 1.0701748995385442E-4
2.129298483447595E-4 1.0707361603191294E-4
2.1358676248057855E-4 1.0732486162883727E-4
2.120961881910778E-4 1.0725062111511438E-4
2.1142004609819376E-4 1.073389147600787E-4
2.094089601001411E-4 1.072647799286641E-4
2.0962285607389582E-4 1.0712589670431715E-4
2.108086255296263E-4 1.0689001058016664E-4
2.1069727261969226E-4 1.0675163914860182E-4
2.1061845042508003E-4 1.0677526550506775E-4
2.1280291071260526E-4 1.071221632919294E-4
2.1228447984156815E-4 1.0727468493077025E-4
2.123983646943378E-4 1.0739468778133072E-4
2.1417131233102701E-4 1.0706293217660948E-4
2.1404810854701892E-4 1.0708622330683781E-4
2.120250168367486E-4 1.072382970934397E-4
2.1311355558105752E-4 1.0739013382035867E-4
2.1471652303723906E-4 1.072844973627632E-4
2.1503181312981779E-4 1.0724328444351874E-4
2.156355540794848E-4 1.0688108984193369E-4
2.1450605666375013E-4 1.0706481184257199E-4
2.1466050216116842E-4 1.0686359185004609E-4
2.1669818547014454E-4 1.0695095279032133E-4
2.1767166871223132E-4 1.0710218834453857E-4
2.1781521126078317E-4 1.0715724889340562E-4
2.1742974048489236E-4 1.0721222420922501E-4
2.194396737782298E-4 1.072032529477068E-4
2.1868435126052622E-4 1.070347650771153E-4
2.1831181401585603E-4 1.0683465596236032E-4
2.141775825054192E-4 1.0685785365837632E-4
2.149701536412243E-4 1.0659452492587472E-4
2.1388827008088417E-4 1.066814874212052E-4
2.109194146646152E-4 1.0664118288595669E-4
2.103516229660955E-4 1.064103873410726E-4
2.1090953710319895E-4 1.0652902526840272E-4
2.1145991365514318E-4 1.0658406085339782E-4
2.1335535480515176E-4 1.063538405262168E-4
2.1164889566616704E-4 1.0625061896313523E-4
2.0946743163166668E-4 1.0595773266559321E-4
2.1078882789249257E-4 1.0585497247386456E-4
2.1062353120889204E-4 1.0572078078515846E-4
2.1014284134795113E-4 1.057446172448022E-4
2.104513978988075E-4 1.0567379584828262E-4
2.127690136109982E-4 1.0591824659842054E-4
2.1266703605318088E-4 1.0575292371650125E-4
2.1322604948675655E-4 1.0571372628694092E-4
2.1275644607646942E-4 1.053915890344286E-4
2.118811434496273E-4 1.0544698764013446E-4
2.1136405348480742E-4 1.0525112944532781E-4
2.1178292091987474E-4 1.0511831432822265E-4
2.1108399597513953E-4 1.049857009045378E-4
2.1291987414023502E-4 1.0488461381907743E-4
2.1545711255915748E-4 1.05096693559621E-4
2.155508506314146E-4 1.0502695319268232E-4
2.1618377256275541E-4 1.051135882348263E-4
2.165911446710768E-4 1.0507517091856207E-4
2.1747163433267146E-4 1.0531767213368708E-4
2.183143464969705E-4 1.0546625759108648E-4
2.2055523509262862E-4 1.0524070341519617E-4
2.2039235650056662E-4 1.0492208110020596E-4
2.1892822822953603E-4 1.0500840345345736E-4
2.191235858334449E-4 1.0478370358228491E-4
2.1832450627189376E-4 1.047146710056247E-4
2.1851998741784012E-4 1.0452157235183793E-4
2.184024997381014E-4 1.0414264896154541E-4
2.204438521777296E-4 1.0426022830226314E-4
2.1964150898092535E-4 1.041608229714047E-4
2.1943171665403014E-4 1.038758703309995E-4
2.2096964365839493E-4 1.0386968045289861E-4
2.2154524318140998E-4 1.0392530595924518E-4
2.2305980745586113E-4 1.038882084201086E-4
2.2212828551698705E-4 1.0363516827002151E-4
2.2193322774169064E-4 1.0335167225239711E-4
2.220873433615492E-4 1.0365400477489125E-4
2.229032780463288E-4 1.0352485669924637E-4
2.2256045116948904E-4 1.0358049045500847E-4
2.2471934140614084E-4 1.0372826731820686E-4
2.2559368098152449E-4 1.0381438605075645E-4
2.2347940667309695E-4 1.0383898418008617E-4
2.2175464506829956E-4 1.0395556616122844E-4
2.226318522718778E-4 1.0404132434809073E-4
2.2355664833287434E-4 1.0382067572063409E-4
2.2343949469199058E-4 1.0369216998276483E-4
2.239341662703206E-4 1.0359443720667974E-4
2.2470314505755986E-4 1.0377188862596665E-4
2.2590043984857273E-4 1.0376585348871841E-4
2.2480349822807325E-4 1.0369879772797341E-4
2.22978291152974E-4 1.0347937983787631E-4
2.2362382640680968E-4 1.0338216474003866E-4
2.255167472754963E-4 1.0334598755080077E-4
2.2588563705473676E-4 1.0321858920723731E-4
2.2500748431276572E-4 1.0321298817178733E-4
2.2558886628622102E-4 1.0323777542846677E-4
2.250158002689421E-4 1.0317145310035811E-4
2.256569925979861E-4 1.031962344500266E-4
2.2663068784304133E-4 1.0291784808161317E-4
2.251796829082594E-4 1.0303365181067846E-4
2.246691347951692E-4 1.0305847968325075E-4
2.269117672001118E-4 1.0311351768856113E-4
2.285466287386776E-4 1.030475776384235E-4
2.2712867030409982E-4 1.0280052051330672E-4
2.2507900111753E-4 1.0264436512433666E-4
2.219164753362652E-4 1.0269954481155919E-4
2.2252558161205474E-4 1.0260396333524989E-4
2.2129683674601184E-4 1.0262897785506312E-4
2.195282236036847E-4 1.0265395591056177E-4
2.2188181434779628E-4 1.0252854620875867E-4
2.2050597891930777E-4 1.0231317388585308E-4
2.2129405529446738E-4 1.0215816790368318E-4
2.2115084006521795E-4 1.0233343907865386E-4
2.1980862649000554E-4 1.0208869474207075E-4
2.1772285499633475E-4 1.0184430562223162E-4
2.2003383352416723E-4 1.0172002870396673E-4
2.2017220203879057E-4 1.016856851296403E-4
2.1976487877623646E-4 1.016513912925686E-4
2.1831253930809245E-4 1.017665193240484E-4
2.1608612610074713E-4 1.0161280524529072E-4
2.152650002577505E-4 1.0163830095681809E-4
2.179626092232422E-4 1.0166375985143349E-4
2.1952437279091383E-4 1.0168918200882725E-4
2.1897044486661368E-4 1.0195270153546962E-4
2.1987483518118788E-4 1.0185889765991656E-4
2.217588117363336E-4 1.014382660316565E-4
2.2384799509393867E-4 1.0122615718885432E-4
2.2418298643447042E-4 1.011330779401692E-4
2.2359804165603657E-4 1.0106979225860344E-4
2.2268791276654394E-4 1.0106587452048983E-4
2.2293416353857032E-4 1.0115081424024908E-4
2.2297618319076014E-4 1.0085088355888544E-4
2.2113785731938545E-4 1.0102458013560781E-4
2.2287815819862838E-4 1.0093204494744192E-4
2.2384812341119708E-4 1.0083964214151946E-4
2.2201311636569504E-4 1.0104248570796308E-4
2.240144759740176E-4 1.01215549150074E-4
2.2380278116465623E-4 1.0124101904361369E-4
2.223840089126194E-4 1.014725905553722E-4
2.2271659443346423E-4 1.013507044860776E-4
2.2608256676827788E-4 1.0140543002200764E-4
2.2636493032294688E-4 1.013131506570581E-4
2.2714608872167617E-4 1.0139718955692135E-4
2.2557957478513025E-4 1.0145176536884395E-4
2.274876818169903E-4 1.0153558644732126E-4
2.2857454972644866E-4 1.0164859052421991E-4
2.2813340706444242E-4 1.0135149756196026E-4
2.265536543525885E-4 1.0152299281858763E-4
2.279293511348125E-4 1.016942451640867E-4
2.2836809181270875E-4 1.0160228385984311E-4
2.2696113805931574E-4 1.0156884935650067E-4
2.305671463514443E-4 1.01214507088314E-4
2.309316206985676E-4 1.013271792801991E-4
2.2965067724519815E-4 1.0123573661469993E-4
2.2997019297441306E-4 1.0126088692033067E-4
2.3122031374266376E-4 1.0116961985574127E-4
2.318290239798871E-4 1.0093310638232422E-4
2.3008346056332192E-4 1.0084219844135709E-4
2.3109859151064646E-4 1.0075141835965971E-4
2.3254750112423797E-4 1.0063175217341614E-4
2.327007911497095E-4 1.0062822733556008E-4
2.3230825753943495E-4 1.0053778852498622E-4
2.3332639545272098E-4 1.00708050457762E-4
2.3356193250895435E-4 1.0029942643221827E-4
2.3530056917750886E-4 1.0029614418896486E-4
2.3507100008912315E-4 1.0043732590592879E-4
2.3534672554003484E-4 1.0052056682757838E-4
2.3519322465091297E-4 1.0057483991640043E-4
2.3424455047898617E-4 1.0065786855044265E-4
2.3220956948803533E-4 1.0056791394731452E-4
2.3040898840883447E-4 1.0036292026571709E-4
2.2877402250777055E-4 1.0044592299993246E-4
2.313237374449962E-4 1.0044255702504836E-4
2.3236909868449543E-4 1.0023807854036591E-4
2.3138564455831045E-4 1.0026357283206193E-4
2.2964927460085286E-4 1.0017426730699993E-4
2.3239998453936865E-4 1.0002774347442719E-4
2.317512719266214E-4 9.988142300595234E-5
2.3333670869388938E-4 9.98211996954078E-5
2.3019903997436068E-4 9.978967141851112E-5
2.291243230530325E-4 9.961522805982062E-5
2.2776537399641934E-4 9.964102988815234E-5
2.282356455911306E-4 9.960969162137865E-5
2.2998922842895684E-4 9.94927992535236E-5
2.2709280813437704E-4 9.9404581106434E-5
2.2568202632226256E-4 9.917401927516921E-5
2.2632327804310802E-4 9.914308953507152E-5
2.2440280245354595E-4 9.89983871635121E-5
2.2447536752271617E-4 9.908135786371945E-5
2.2312710019217578E-4 9.910738505720568E-5
2.2459180310992568E-4 9.919016666573916E-5
2.2262104601069037E-4 9.927283448511994E-5
2.2411312004718537E-4 9.924196433515315E-5
2.2395773560542748E-4 9.940949305191913E-5
2.2340612342143377E-4 9.943520593048382E-5
2.2342122334369663E-4 9.931939457298187E-5
2.2419981980523478E-4 9.940169077112694E-5
2.2367743365771285E-4 9.925780183042262E-5
2.2482190626623344E-4 9.917058919050312E-5
2.239329434650609E-4 9.919637748907344E-5
2.233836089212645E-4 9.908112479634529E-5
2.2308866144332608E-4 9.921966656626624E-5
2.2479366653508845E-4 9.921720593632089E-5
2.2473366507676142E-4 9.921474866101753E-5
2.2521553118358655E-4 9.935291628299943E-5
2.262559613279506E-4 9.915363381754914E-5
2.2636648508491167E-4 9.923548294003027E-5
2.2823186820012937E-4 9.909268515992301E-5
2.2692530580607979E-4 9.897812928368329E-5
2.2500388286366812E-4 9.86675270416748E-5
2.2308506700801918E-4 9.872147400903584E-5
2.2184063306294446E-4 9.863539363497414E-5
2.2258388844044658E-4 9.846551427713829E-5
2.2340999618764555E-4 9.837972376122149E-5
2.2482160055872487E-4 9.826611531167745E-5
2.2324437645748969E-4 9.826432103700161E-5
2.2200403903962736E-4 9.823463291206691E-5
2.2276894223939277E-4 9.817710744028333E-5
2.234285937552597E-4 9.803608371623613E-5
2.2333935574943026E-4 9.803444939347819E-5
2.220950214997247E-4 9.778242752776209E-5
2.2269075302703233E-4 9.764195447784593E-5
2.224433488113096E-4 9.764058868281801E-5
2.204044183740135E-4 9.772251958744608E-5
2.1992202095359476E-4 9.758237001003669E-5
2.2124256943342638E-4 9.749786400080751E-5
2.2092651131863194E-4 9.760743478389262E-5
2.2002937734242787E-4 9.779992999302214E-5
2.2142964994587597E-4 9.743872900304002E-5
2.1829388457787638E-4 9.754811922527358E-5
2.1672611814335262E-4 9.75744584158852E-5
2.177515055340304E-4 9.760076237012158E-5
2.1686425551873734E-4 9.75718353204981E-5
2.1571136166104502E-4 9.75981058847457E-5
2.14941382246717E-4 9.770702459296528E-5
2.1373174717388861E-4 9.737511499675413E-5
2.1092731411975123E-4 9.718126956978067E-5
2.0942379402311736E-4 9.718022434226335E-5
2.1082760204817978E-4 9.712420515774831E-5
2.1034173042775264E-4 9.695838297299223E-5
2.0977654101403582E-4 9.687513466135326E-5
2.1027368903474774E-4 9.68468627420656E-5
2.0912529687484177E-4 9.670896970465532E-5
2.0806675190263816E-4 9.662605261942842E-5
2.093031879153455E-4 9.648848888984151E-5
2.0938105064739233E-4 9.64605481391746E-5
2.0837791256996929E-4 9.632327621881889E-5
2.09309243038133E-4 9.629548179123105E-5
2.0881209408071984E-4 9.618580649595581E-5
2.0855069388600058E-4 9.613085183812685E-5
2.0941387622270993E-4 9.615777919490427E-5
2.096224523418594E-4 9.632093003679752E-5
2.1035658102181711E-4 9.610259201408438E-5
2.1045287371755672E-4 9.615670062642322E-5
2.0999256625275464E-4 9.629233179711099E-5
2.084590069134706E-4 9.634624425605436E-5
2.0659501768969938E-4 9.642724794000748E-5
2.063079635825141E-4 9.637242358843663E-5
2.0512522453369937E-4 9.634479774910999E-5
2.0606409859759975E-4 9.615455623682345E-5
2.0620494346675132E-4 9.601874612669572E-5
2.0455651966145812E-4 9.601847965911507E-5
2.036093157694247E-4 9.596410281084621E-5
2.052370754105832E-4 9.5936834830049E-5
2.0708596411228184E-4 9.585556263596378E-5
2.0787929747609476E-4 9.607142183537054E-5
2.0892670292953382E-4 9.617906033796027E-5
2.0922022028838224E-4 9.601688816365034E-5
2.0980979790933792E-4 9.585492770236157E-5
2.1115952786504122E-4 9.577397401323273E-5
2.1129067566744478E-4 9.572004013786601E-5
2.1174310989600378E-4 9.588135040791515E-5
2.123431382115412E-4 9.60424506385502E-5
2.1224398063450305E-4 9.612275603427319E-5
2.1206441919163906E-4 9.582713722463144E-5
2.0935285776265214E-4 9.588065133750167E-5
2.1044754908917712E-4 9.604133357992103E-5
2.1065668334144401E-4 9.617501526983055E-5
2.112671658657479E-4 9.617465039810324E-5
2.1193037166213383E-4 9.620104328183699E-5
2.1163008008729105E-4 9.614718211986732E-5
2.0999404497620757E-4 9.603994539055663E-5
2.0986183470100828E-4 9.574590986753899E-5
2.100051149143252E-4 9.582588784685199E-5
2.0934808429533475E-4 9.593243335263415E-5
2.1189357823942596E-4 9.582561217896248E-5
2.1067357427675222E-4 9.585211105497543E-5
2.1039005329641695E-4 9.569224087471398E-5
2.0972051666263492E-4 9.574539365567864E-5
2.1075263772515093E-4 9.566555304306573E-5
2.1131748149450403E-4 9.569208670906073E-5
2.113260528439953E-4 9.563893386178838E-5
2.128861935968031E-4 9.555931560240933E-5
2.1200666087985533E-4 9.558586637594608E-5
2.1271007362149677E-4 9.547988471289027E-5
2.1403094706347596E-4 9.537403901091602E-5
2.1606137019368758E-4 9.526832900855972E-5
2.174279733241695E-4 9.526854941474655E-5
2.1614964566108819E-4 9.532163315835546E-5
2.1488094314120682E-4 9.526898938103139E-5
2.149441928921828E-4 9.54539950090462E-5
2.133269479340814E-4 9.542771507366243E-5
2.1168540412731156E-4 9.548056158825904E-5
2.1242375676569177E-4 9.555968812449171E-5
2.1314811811501324E-4 9.537540705715243E-5
2.1422691208993123E-4 9.521767477825644E-5
2.154536786236809E-4 9.508644055763473E-5
2.1597702205175204E-4 9.5060494953291E-5
2.1663018413171703E-4 9.50871096956866E-5
2.1718355147090087E-4 9.511369059861316E-5
2.1856744468243662E-4 9.542877098975772E-5
2.1818970206174775E-4 9.535024664136295E-5
2.1623736035990574E-4 9.555998904738292E-5
2.176947081368541E-4 9.566474386142874E-5
2.1741789468275022E-4 9.550772783963405E-5
2.1669062702045776E-4 9.569082477678195E-5
2.1745758615682263E-4 9.574303650599402E-5
2.1730833303643235E-4 9.556015474636764E-5
2.1692144069655967E-4 9.561238306633327E-5
2.1536138466288104E-4 9.55080583994152E-5
2.147416276453933E-4 9.56384477676797E-5
2.138882183450291E-4 9.548214178263349E-5
2.159514505043604E-4 9.550825573485065E-5
2.1673732644187412E-4 9.548230591783672E-5
2.167162421484089E-4 9.535239259446412E-5
2.1599397043270646E-4 9.545648695456679E-5
2.1788151103633625E-4 9.54046523144699E-5
2.1893575113035026E-4 9.548263295026528E-5
2.1840670970232282E-4 9.540491328275115E-5
2.1686755219926367E-4 9.532729119171861E-5
2.1724701348418312E-4 9.532747004483941E-5
2.1835077740956974E-4 9.537941856326393E-5
2.1734529798630672E-4 9.517261472181051E-5
2.1589758882488896E-4 9.512118503770231E-5
2.1498800235483838E-4 9.514732877046905E-5
2.1433464485683118E-4 9.499269845946145E-5
2.1370790811003318E-4 9.481245738200963E-5
2.1315931810545385E-4 9.468401733892414E-5
2.1577340954798748E-4 9.465882500358993E-5
2.1564564360364942E-4 9.473668714885601E-5
2.1562099578875053E-4 9.47114933888713E-5
2.1597597395065404E-4 9.476350202659292E-5
2.167886838948459E-4 9.471261529382449E-5
2.165972762782028E-4 9.46617918923976E-5
2.1545952672911203E-4 9.479076143582922E-5
2.156075998567753E-4 9.481693179540869E-5
2.1673702590995208E-4 9.484306964522459E-5
2.1724998111366002E-4 9.476666359471106E-5
2.158157905870322E-4 9.453668055319506E-5
2.1528745268043457E-4 9.463973179327227E-5
2.155107638314495E-4 9.466591465461415E-5
2.1717360532199444E-4 9.446198559761668E-5
2.1646433411104556E-4 9.451379461453154E-5
2.1660884073370745E-4 9.456553955102967E-5
2.1499249654573194E-4 9.454066956127831E-5
2.150612300760627E-4 9.461783520321997E-5
2.1334589474691467E-4 9.46949055789371E-5
2.112760991177039E-4 9.436436464578509E-5
2.126196998141755E-4 9.428877189462736E-5
2.1256253403948507E-4 9.423871067300445E-5
2.1235290238422275E-4 9.41124429622465E-5
2.1272789132142944E-4 9.396092358902014E-5
2.111726693208955E-4 9.38603734732428E-5
2.116748018904679E-4 9.391220198182226E-5
2.1045182059236387E-4 9.406540781885014E-5
2.106691956671571E-4 9.396497873813574E-5
2.1045006523584672E-4 9.421928074651394E-5
2.1195252853371967E-4 9.427076209304076E-5
2.1213764976841533E-4 9.439807462713238E-5
2.1179160966320698E-4 9.422184002817922E-5
2.1195869504052616E-4 9.422269103371057E-5
2.1159708921488006E-4 9.414778597636138E-5
2.112863979280567E-4 9.39467912952045E-5
2.1145528186071818E-4 9.407391287518944E-5
2.113466999056359E-4 9.445293349434909E-5
2.1093596988509692E-4 9.447883095408359E-5
2.1042504200621045E-4 9.437882339577924E-5
2.0978894009995787E-4 9.422861903141222E-5
2.078664628093462E-4 9.405345359627521E-5
2.0777641567878394E-4 9.412978858730907E-5
2.086156751849481E-4 9.418091727851623E-5
2.0907744178958766E-4 9.410649296543981E-5
2.0953864731694462E-4 9.413249076436681E-5
2.108014588982146E-4 9.393284777519828E-5
2.1188737058161185E-4 9.410923427023512E-5
2.113445415288062E-4 9.408510853455492E-5
2.1132783482975695E-4 9.393590147572754E-5
2.1073598834508674E-4 9.418698648536942E-5
2.097199974385709E-4 9.428781659693866E-5
2.095294669377405E-4 9.433857130978503E-5
2.1001313003315178E-4 9.43143798495817E-5
2.099972782857593E-4 9.446484324826068E-5
2.1143780750863437E-4 9.429101603285507E-5
2.1163503148076055E-4 9.426689707093637E-5
2.1162613170836678E-4 9.419300444439648E-5
2.1249160098642413E-4 9.411920089878071E-5
2.1336002538800518E-4 9.414497178378097E-5
2.133783532424719E-4 9.392214759888458E-5
2.1491198738285487E-4 9.394800603594849E-5
2.1515279855944495E-4 9.407313941640222E-5
2.156166246158669E-4 9.40244412612244E-5
2.1620387696811812E-4 9.405019166887482E-5
2.161708792135094E-4 9.402634755390768E-5
2.162392629041169E-4 9.400253204615708E-5
2.1460925358605715E-4 9.410250554660758E-5
2.1533000540149285E-4 9.385603760663837E-5
2.156638530895744E-4 9.400542399409746E-5
2.1542632368965104E-4 9.408050862597691E-5
2.1285789526122843E-4 9.408142481882414E-5
2.1319879178289907E-4 9.40576618010803E-5
2.1204633457153803E-4 9.403392717403878E-5
2.1246127709826398E-4 9.383768034444453E-5
2.1199464405445394E-4 9.36416676996112E-5
2.1152856751993632E-4 9.359360433735781E-5
2.095621670582257E-4 9.359480742360864E-5
2.100544136441557E-4 9.366977885686727E-5
2.1002530092736416E-4 9.367093516889672E-5
2.0849802195389822E-4 9.350016541242299E-5
2.077580331943423E-4 9.355051332652492E-5
2.061112589095373E-4 9.328189212241258E-5
2.056321563281868E-4 9.325875910816731E-5
2.0447759144994447E-4 9.328465828377028E-5
2.0425493382745749E-4 9.333501457003852E-5
2.0385654709879778E-4 9.350767774551341E-5
2.0169777178831525E-4 9.353338342812803E-5
2.0226042600029386E-4 9.363239168589567E-5
2.0216280775333382E-4 9.360913340450376E-5
2.0326166088200943E-4 9.343941006986871E-5
2.0235833337549044E-4 9.331868934784289E-5
2.0328506681107066E-4 9.31737246532896E-5
2.0345516827393023E-4 9.317516423912962E-5
2.0318662845790264E-4 9.334710679214276E-5
2.0311315289605573E-4 9.361622037264698E-5
2.0471847200096956E-4 9.369038396928359E-5
2.058531842917805E-4 9.371583066305846E-5
2.064897137165827E-4 9.359544462288135E-5
2.0686711038429958E-4 9.349948638212389E-5
2.0650474811274562E-4 9.3476456640649E-5
2.0659834178016667E-4 9.35019692219408E-5
2.0712820648543856E-4 9.34304782959548E-5
2.096442403216244E-4 9.31894671665194E-5
2.1075285579430644E-4 9.32877480249541E-5
2.097063044627863E-4 9.336171291114394E-5
2.0817724777919097E-4 9.324209852068763E-5
2.0707982764718602E-4 9.331600352381649E-5
2.0738398213667809E-4 9.3438138581866E-5
2.06420549326701E-4 9.339112178105829E-5
2.0839686960754332E-4 9.329589987197235E-5
2.0834514225817526E-4 9.336960077383746E-5
2.0851039204663167E-4 9.327450260370376E-5
2.0845865882343766E-4 9.356492017876599E-5
2.101162224157966E-4 9.33253765015411E-5
2.0953429975411329E-4 9.337482870458907E-5
2.096744262789805E-4 9.318376618793167E-5
2.1257803693902177E-4 9.306502124160706E-5
2.1117909472977863E-4 9.306650312748521E-5
2.1033386594139275E-4 9.304397951876781E-5
2.106411309533297E-4 9.311744138067719E-5
2.1195502658149818E-4 9.299901078080586E-5
2.1099100923817901E-4 9.304845149244323E-5
2.0808831590479336E-4 9.312178292653397E-5
2.0559586933345422E-4 9.324289772931875E-5
2.046136558791782E-4 9.324427054816998E-5
2.0471570856020807E-4 9.315001586651776E-5
2.0467428726730528E-4 9.315144084753625E-5
2.0222159076234826E-4 9.28663182905813E-5
2.033506072290388E-4 9.289177063260936E-5
2.0255572876249153E-4 9.28694910979478E-5
2.0246029628261694E-4 9.296642460816702E-5
2.0367527790907407E-4 9.294412770772007E-5
2.0229357150846282E-4 9.296947646336685E-5
2.0207947391045296E-4 9.287581476819198E-5
2.0363214337426518E-4 9.290117367097477E-5
2.026265409768585E-4 9.295027222207502E-5
2.016524558883277E-4 9.304682461481116E-5
2.024126213554428E-4 9.304829992156883E-5
2.0151096244541537E-4 9.295486206835818E-5
2.012506237335552E-4 9.28852457904716E-5
2.0129869202947044E-4 9.281570943942534E-5
2.012519570641578E-4 9.286468800941532E-5
2.0040037858635583E-4 9.272422285658276E-5
1.9914755820545495E-4 9.284417735221238E-5
2.0099384173575868E-4 9.28457628079479E-5
2.0321613626999224E-4 9.282371365701813E-5
2.039951125593903E-4 9.273083191884763E-5
2.0345127511476073E-4 9.270887369369874E-5
2.0453592639770285E-4 9.263975600716973E-5
2.0606733607536913E-4 9.252355965788078E-5
2.045335025334992E-4 9.221897318144342E-5
2.0394349508655318E-4 9.229156466500487E-5
2.0354246820423355E-4 9.217576556793376E-5
2.0366785563249274E-4 9.222477388210127E-5
2.043997397040997E-4 9.227372637814335E-5
2.0316456647886602E-4 9.229912486626E-5
2.0288231972783095E-4 9.218358494790733E-5
2.0408139383471338E-4 9.188040386092134E-5
2.040229416303902E-4 9.174177491638071E-5
2.0413044789798775E-4 9.181430760743601E-5
2.045766684310471E-4 9.153528390270561E-5
2.0482470765951642E-4 9.167810637619435E-5
2.0581235723732088E-4 9.179736188149722E-5
2.0657635771467492E-4 9.170595625739155E-5
2.0488698460513672E-4 9.180168240379032E-5
2.0478910436896836E-4 9.173374309414916E-5
2.0389653309070153E-4 9.189940149262313E-5
2.0384683157303996E-4 9.183148375422585E-5
2.0442615015878825E-4 9.17869684578679E-5
2.035128127304913E-4 9.160262826540369E-5
2.0181861339474394E-4 9.172138796600477E-5
2.0305016851738438E-4 9.158386516482225E-5
2.0251157926734E-4 9.15628629274878E-5
2.0205832334626878E-4 9.154188435464603E-5
2.025288244279183E-4 9.149768251052795E-5
2.0148029392819328E-4 9.147676422894257E-5
1.9983979471431296E-4 9.129332425333785E-5
1.9936401088990828E-4 9.12029212803652E-5
1.9876809980433937E-4 9.125178781724811E-5
1.9933403116775177E-4 9.118469131778195E-5
1.9934200331530422E-4 9.118717599328611E-5
1.9807895965887686E-4 9.130543602791152E-5
1.982740432392902E-4 9.128470758626674E-5
1.9786753644020043E-4 9.140278047710385E-5
1.975539517919116E-4 9.145137094544365E-5
1.9721761430778841E-4 9.15230108295619E-5
1.9688185700226287E-4 9.159457057958159E-5
1.9614352978009563E-4 9.157373845300473E-5
1.9547522273404125E-4 9.146066929655177E-5
1.9544005673073335E-4 9.162435278192287E-5
1.9661861322641775E-4 9.153442090834759E-5
1.955162331245912E-4 9.153669528768832E-5
1.96256173934042E-4 9.165403537823605E-5
1.9602925550516457E-4 9.156423727236241E-5
1.9617056544114168E-4 9.158947927276716E-5
1.9732351607908616E-4 9.145386657504677E-5
1.9786450733607155E-4 9.14791418828467E-5
1.9900158901981998E-4 9.132079159527228E-5
1.9862692606041892E-4 9.125436500120154E-5
1.9927755868755844E-4 9.111923956892392E-5
2.013971568206438E-4 9.123629038921328E-5
2.0069785473797778E-4 9.133031259687202E-5
1.991934503949096E-4 9.126402801243238E-5
2.0046811852060314E-4 9.126643707340406E-5
2.0029628938588644E-4 9.12002612623269E-5
2.0092433335627412E-4 9.106561444451112E-5
2.0038666575587934E-4 9.072559755547873E-5
1.9874420513592837E-4 9.054571634489175E-5
1.995898726910696E-4 9.043446453939859E-5
1.9954549920507894E-4 9.052851416184934E-5
1.9993409039827884E-4 9.046296471819918E-5
2.0175691848854725E-4 9.039748758502195E-5
2.041012149047647E-4 9.028656281149234E-5
2.0389251423251844E-4 9.022125502055914E-5
2.0272934170530892E-4 9.00196100567102E-5
2.0250685588454962E-4 8.990907639592063E-5
2.0395989811295692E-4 8.991221352830282E-5
2.0282384435741838E-4 8.986995250338369E-5
2.0209736690534024E-4 8.989579256794185E-5
2.037522920248445E-4 8.992160425241803E-5
2.0445589256917502E-4 8.972078778502973E-5
2.059919360454551E-4 8.972401959812973E-5
2.0499116010099568E-4 8.968197759681529E-5
2.050547493278956E-4 8.979834079688859E-5
2.0774106873319297E-4 8.975630414212617E-5
2.0830023848852203E-4 8.978210740751039E-5
2.061485237955708E-4 8.98078824417509E-5
2.0574668568944417E-4 8.994649557582508E-5
2.068248732534395E-4 8.981422615828049E-5
2.0498948010135747E-4 8.981739281961748E-5
2.048950270676248E-4 8.993323748387014E-5
2.0680531284627158E-4 8.995885976020145E-5
2.0596708609636782E-4 8.984938379980987E-5
2.066597354036478E-4 8.994252219054445E-5
2.0753152773753548E-4 8.992312315674438E-5
2.0703139884792245E-4 8.990374524328585E-5
2.0700353137472058E-4 8.981700024333574E-5
2.0630217892433661E-4 8.979770111113887E-5
2.0587084851096096E-4 8.986817618872252E-5
2.0375802767980513E-4 8.980401798452871E-5
2.050544205595351E-4 8.978475733205807E-5
2.0558774597237493E-4 8.972071401406334E-5
2.050457904613543E-4 8.98134676023408E-5
2.0439253493751862E-4 8.96152131487193E-5
2.0385181405383206E-4 8.957373113141278E-5
2.0543523919092674E-4 8.942052768983453E-5
2.0511795099492473E-4 8.960260764158734E-5
2.0465886937981665E-4 8.924859248988342E-5
2.053028335526455E-4 8.922971535671788E-5
2.0712666204194554E-4 8.925546854669219E-5
2.0703213090999498E-4 8.928119392544608E-5
2.068931400308258E-4 8.941829598196964E-5
2.063864970042364E-4 8.935483030035475E-5
2.0754139306997392E-4 8.909112124891101E-5
2.0934014599396456E-4 8.898341048767887E-5
2.0938388079078888E-4 8.883134994058614E-5
2.090909282894492E-4 8.899054608787125E-5
2.1184092071269112E-4 8.897189915406037E-5
2.127677992040313E-4 8.915304559458454E-5
2.120076133407887E-4 8.91343313820852E-5
2.1182474704359484E-4 8.915998365846399E-5
2.111102060530064E-4 8.938506002386172E-5
2.1117166083743297E-4 8.932195265382099E-5
2.0937349749214232E-4 8.950242575080494E-5
2.0905968085166752E-4 8.957207710027655E-5
2.1020571197276296E-4 8.96637676485879E-5
2.09471848312523E-4 8.953434028981964E-5
2.0911430247206675E-4 8.951550217095587E-5
2.0981689912597347E-4 8.938629252352203E-5
2.096581498773225E-4 8.923515445939204E-5
2.095768063737173E-4 8.926061584589836E-5
2.096363176886225E-4 8.921992112798842E-5
2.1121591895856555E-4 8.909114500223676E-5
2.1136824079692155E-4 8.911664245556849E-5
2.117059384377874E-4 8.90540818371315E-5
2.1139624179765566E-4 8.901358387621698E-5
2.1078177042705337E-4 8.89951133289631E-5
2.112960013905845E-4 8.91744157053336E-5
2.1116909802553212E-4 8.919980105336222E-5
2.1069114203730297E-4 8.929100707661812E-5
2.0907294087982168E-4 8.91408030210708E-5
2.0804845801735013E-4 8.916616577570598E-5
2.0741951959782692E-4 8.921341587716898E-5
2.1044899030011948E-4 8.912919997237207E-5
2.0970512609042437E-4 8.90669644062509E-5
2.0857794490348493E-4 8.902667423391091E-5
2.1061793533597324E-4 8.883335184325247E-5
2.125246283081857E-4 8.870580293357874E-5
2.1335891321391538E-4 8.866576780461948E-5
2.1543680530386358E-4 8.860394186832294E-5
2.144356538199704E-4 8.847671645584995E-5
2.1480959529948792E-4 8.848048595749304E-5
2.1431119920758328E-4 8.854964718130892E-5
2.137479679343538E-4 8.850980009002634E-5
2.1323463939757186E-4 8.846999503154038E-5
2.1294567972118946E-4 8.838670375073041E-5
2.1398393480890439E-4 8.841226337467588E-5
2.1452104944920825E-4 8.832909021615039E-5
2.1295498018065822E-4 8.83763829881062E-5
2.1198834578995004E-4 8.842362600438386E-5
2.092529745135567E-4 8.83622849403793E-5
2.0794727655747494E-4 8.847457213574992E-5
2.097871416272206E-4 8.85867413823858E-5
2.1101823957661776E-4 8.846039320395384E-5
2.1116497942394864E-4 8.835583893071043E-5
2.101857670949804E-4 8.840294407911169E-5
2.1110707002112527E-4 8.849327709101878E-5
2.1115849145281597E-4 8.84753790391813E-5
2.098880073565858E-4 8.832780395828998E-5
2.0843963098678E-4 8.818038332541621E-5
2.095589597888622E-4 8.809789695094422E-5
2.104397156615827E-4 8.808024300383632E-5
2.1028415341281862E-4 8.799789514194037E-5
2.0909389651743628E-4 8.791563328303338E-5
2.0818500958234517E-4 8.800584345918925E-5
2.0727707088609622E-4 8.790212624737028E-5
2.0736026580627843E-4 8.775546558433019E-5
2.0802426779125414E-4 8.773804527716456E-5
2.0961222338776344E-4 8.759162284448708E-5
2.099519790085848E-4 8.746684504054376E-5
2.1033434309070803E-4 8.74066400859275E-5
2.0843664151473846E-4 8.745384690696028E-5
2.0845846206720493E-4 8.756538067557957E-5
2.087766635331719E-4 8.756956093656175E-5
2.0760284351476735E-4 8.746655490720847E-5
2.0838366294586436E-4 8.742793158302253E-5
2.0859433731642554E-4 8.741076247749884E-5
2.0767043151270835E-4 8.72009837067682E-5
2.080061324482433E-4 8.722673390691962E-5
2.069973071297538E-4 8.733798097259726E-5
2.0563102643352676E-4 8.751322232744022E-5
2.056624010966572E-4 8.760284731888874E-5
2.054442855075327E-4 8.760698875412529E-5
2.0422357113046889E-4 8.769647265182224E-5
2.0240699920931156E-4 8.740200214219148E-5
2.016580356983145E-4 8.734229688670656E-5
2.0108027436610435E-4 8.728265324655235E-5
2.0199359586419786E-4 8.709531510700844E-5
2.021398347991089E-4 8.701457857104351E-5
2.0363461648910267E-4 8.704027887574625E-5
2.0463282928488767E-4 8.702343315857734E-5
2.0414259611521322E-4 8.68578629344111E-5
2.0513952063670867E-4 8.684112838358759E-5
2.0450094215415605E-4 8.673950309825012E-5
2.0517841677890173E-4 8.676527872358459E-5
2.047101157263882E-4 8.676982269088956E-5
2.0496290151053988E-4 8.668958481237022E-5
2.0441045790781825E-4 8.660942927133497E-5
2.0415499671754022E-4 8.652935594111123E-5
2.0186827370093031E-4 8.649168810577536E-5
2.0210084647891244E-4 8.647520972874034E-5
2.03580443109161E-4 8.652216832945897E-5
2.040213590147476E-4 8.633665749647082E-5
2.0542351752721535E-4 8.636252052076898E-5
2.0564221612901488E-4 8.626171143481874E-5
2.0665673398294392E-4 8.626648949901474E-5
2.05346866800227E-4 8.618691848054491E-5
2.056225631007916E-4 8.614957927213248E-5
2.0581964929089903E-4 8.604908456250496E-5
2.0422543514920068E-4 8.592763855378838E-5
2.0301467359215217E-4 8.584840246652093E-5
2.0306556071064078E-4 8.56640853998905E-5
2.0376806662784593E-4 8.583732378743077E-5
2.0314616863227695E-4 8.567421089369859E-5
2.0483493053426757E-4 8.578426715353415E-5
2.0438103906007604E-4 8.587322193932163E-5
2.0545906899291984E-4 8.575229726428613E-5
2.0588598813105338E-4 8.582020968003045E-5
2.050759750015117E-4 8.58042227188393E-5
2.0514655673622452E-4 8.555783525925211E-5
2.0567766663982768E-4 8.554199756192663E-5
2.053819104696048E-4 8.548432443709441E-5
2.0427154231466313E-4 8.548945516588326E-5
2.0424933520115187E-4 8.549458069899753E-5
2.0408089276663507E-4 8.547880707320517E-5
2.0399615434456178E-4 8.552569961233451E-5
2.0324357057111973E-4 8.559341758212854E-5
2.034514130566245E-4 8.553589332982217E-5
2.0484759598162622E-4 8.537416837743516E-5
2.0299320563275372E-4 8.531681287712753E-5
2.038467896831235E-4 8.534283813299134E-5
2.0438482840277037E-4 8.522309563341305E-5
2.047258223926093E-4 8.514509328447239E-5
2.0438009796594232E-4 8.515036647831713E-5
2.0274581828198638E-4 8.484380288949314E-5
2.03648136466762E-4 8.487000070887399E-5
2.0517258240385734E-4 8.460542226432208E-5
2.0464051195170409E-4 8.448641172596353E-5
2.053952889019304E-4 8.447125568797738E-5
2.0641888291705966E-4 8.460127078038092E-5
2.0592844041907564E-4 8.45238938549565E-5
2.0682644524146155E-4 8.446731032681445E-5
2.058600669978478E-4 8.459713178836732E-5
2.0630191625695105E-4 8.447848333206706E-5
2.0674332278132652E-4 8.440132298737923E-5
2.048687706930186E-4 8.420019438985827E-5
2.048558466968695E-4 8.435055354761924E-5
2.0405809996162255E-4 8.435618727924438E-5
2.0222898879979198E-4 8.43205288902051E-5
1: 121 = 121 ### 0.007970 = 0.007981 ##### Davis
2: 21 = 21 ### 0.007726 = 0.007731 ##### Photo_Requests
3: 245 = 245 ### 0.007357 = 0.007360 ##### UC_Davis
4: 1531 = 1531 ### 0.005109 = 0.005094 ##### Seed/Definition
5: 1367 = 1367 ### 0.002847 = 0.002837 ##### departed_businesses
6: 31 = 31 ### 0.002531 = 0.002537 ##### Sacramento
7: 80 = 80 ### 0.002212 = 0.002216 ##### ASUCD
8: 1040 = 1040 ### 0.002176 = 0.002183 ##### Woodland
9: 254 = 254 ### 0.002022 = 0.002023 ##### campus
10: 452 = 452 ### 0.001935 = 0.001945 ##### City_Council
11: 392 = 157 ### 0.001630 = 0.001626 ##### Yolo_County
12: 157 = 392 ### 0.001628 = 0.001620 ##### East_Davis
13: 169 = 169 ### 0.001607 = 0.001610 ##### South_Davis
14: 100 = 100 ### 0.001566 = 0.001563 ##### West_Davis
15: 561 = 561 ### 0.001458 = 0.001460 ##### City_of_Davis
16: 3870 = 3870 ### 0.001451 = 0.001444 ##### Cul-de-sacs
17: 997 = 997 ### 0.001356 = 0.001354 ##### ASUCD_Senate
18: 884 = 884 ### 0.001273 = 0.001278 ##### Interstate_80
19: 202 = 202 ### 0.001266 = 0.001266 ##### The_California_Aggie
20: 8 = 8 ### 0.001256 = 0.001258 ##### 2007
21: 72 = 72 ### 0.001240 = 0.001231 ##### Campus
22: 145 = 145 ### 0.001196 = 0.001190 ##### North_Davis
23: 27 = 27 ### 0.001085 = 0.001092 ##### Arboretum
24: 645 = 645 ### 0.001080 = 0.001083 ##### Memorial_Union
25: 490 = 490 ### 0.001058 = 0.001063 ##### Davis_Enterprise
26: 2883 = 2883 ### 0.001051 = 0.001050 ##### Dentists
27: 81 = 81 ### 0.001031 = 0.001026 ##### KDVS
28: 942 = 942 ### 0.001005 = 0.001010 ##### 2006
29: 125 = 125 ### 0.000956 = 0.000952 ##### Music_Scene
30: 247 = 247 ### 0.000936 = 0.000940 ##### Picnic_Day
31: 708 = 337 ### 0.000877 = 0.000878 ##### Unitrans
32: 179 = 179 ### 0.000875 = 0.000878 ##### Town_Flora
33: 337 = 708 ### 0.000874 = 0.000877 ##### Davis_Senior_High_School
34: 1403 = 1403 ### 0.000869 = 0.000870 ##### Daubert
35: 484 = 484 ### 0.000859 = 0.000858 ##### Winters
36: 26 = 26 ### 0.000855 = 0.000854 ##### Highway_113
37: 152 = 152 ### 0.000849 = 0.000853 ##### Apartments
38: 15492 = 321 ### 0.000830 = 0.000828 ##### User_Statistics
39: 321 = 242 ### 0.000827 = 0.000812 ##### 2008
40: 242 = 15492 ### 0.000811 = 0.000797 ##### Front_Page
41: 1043 = 1964 ### 0.000785 = 0.000787 ##### Dixon
42: 1964 = 1043 ### 0.000781 = 0.000785 ##### ttp://gnome.wikispot.org/Users/JoePomidor
43: 857 = 857 ### 0.000772 = 0.000771 ##### West_Sacramento
44: 1755 = 1755 ### 0.000751 = 0.000750 ##### Pole_Line_Road
45: 15686 = 1200 ### 0.000743 = 0.000723 ##### Interpreting_User_Statistics
46: 1200 = 281 ### 0.000724 = 0.000712 ##### 2011
47: 281 = 154 ### 0.000718 = 0.000709 ##### downtown
48: 16 = 16 ### 0.000705 = 0.000703 ##### 2004
49: 1153 = 1365 ### 0.000705 = 0.000702 ##### Davis_Food_Co-op
50: 154 = 15686 ### 0.000704 = 0.000701 ##### Downtown
