0.08287180974684752 0.0010453502882206641
0.0028640506162281813 7.75005490465607E-4
0.0034572746388638236 7.374826497004805E-4
0.0028018803391208972 6.278926412782704E-4
0.0028340466305575213 5.699620657282026E-4
0.0023902290517620805 5.319384834163803E-4
0.0022576488646389586 4.75136803884024E-4
0.0020989424246079585 4.4934536925500155E-4
0.0020329080960190633 4.2705494937189355E-4
0.001995495024546128 4.140076047742049E-4
0.0020616976698474244 3.9374979112560403E-4
0.002172110029950548 3.783125542052733E-4
0.0021427046255745145 3.555824740557215E-4
0.0022017582280719986 3.470668532307685E-4
0.0021717692422494827 3.3833655002623236E-4
0.0021022406897312565 3.2603553622600383E-4
0.0020905673096064644 3.1801039736883383E-4
0.002081130038317336 3.115683915594986E-4
0.002014238884266015 3.0244495922294204E-4
0.002008897139842168 2.962660011999396E-4
0.0019824345964095324 2.8617535177730147E-4
0.001989204583543239 2.8205518380656466E-4
0.0019859342462378625 2.785309763295257E-4
0.0020155311495882087 2.7244771800323867E-4
0.0020081656769482693 2.661157435631137E-4
0.0020331693415889464 2.610992899605455E-4
0.0019882894792041866 2.564996535441081E-4
0.0019886072353322835 2.50606333253095E-4
0.0019775682738505432 2.4768686870723077E-4
0.0019490955377845242 2.419267565863032E-4
0.0019797047713099474 2.3697043084889316E-4
0.0019630445257037784 2.3490865835025995E-4
0.0019722457527511935 2.3253620433569196E-4
0.00195636234302151 2.2715711922778587E-4
0.0019664563703957936 2.233692156414774E-4
0.0019522135113920936 2.218414729995503E-4
0.0019342567286214577 2.179404683378504E-4
0.0019103994299506043 2.160908609786112E-4
0.0018998441177463204 2.1412229798174848E-4
0.001898185004834703 2.129632257518784E-4
0.0018837419194937843 2.0958806580398105E-4
0.0018792202534926587 2.0761098643920037E-4
0.0018626279547206978 2.056108805543008E-4
0.0018817389233670313 2.0362833123777811E-4
0.0018768490818716526 2.0225664864490845E-4
0.001885261031362012 2.0081926980624966E-4
0.0019090226774755308 1.9712282604581334E-4
0.0018900563850488676 1.9516273134575146E-4
0.0019014027620980127 1.9631566683704036E-4
0.0019141505243703023 1.9322014418825088E-4
0.001908799618931319 1.9167389048306238E-4
0.001883093212754484 1.8850753417433587E-4
0.0018743021721145186 1.8726246363584738E-4
0.0018625305651715615 1.841323275551359E-4
0.0018492442652195268 1.8310402354944258E-4
0.0018392015864961754 1.8309342434772908E-4
0.0018266101648373011 1.8194083683312464E-4
0.0018110713869312633 1.8054933031053975E-4
0.0018137819475083875 1.784311467833767E-4
0.0018082256046221454 1.779857216734927E-4
0.0018131710964699762 1.775731623125012E-4
0.0018037722261739018 1.7716656088030783E-4
0.0018069989937784547 1.773315176186779E-4
0.0018062829804012638 1.7447368382922374E-4
0.001812359745487745 1.7350659959840882E-4
0.0018044465403248373 1.7323525518748463E-4
0.0018153825540690436 1.7160422764610504E-4
0.0018026697442872761 1.712506935990211E-4
0.0018050276199157189 1.7016288103306843E-4
0.0017984162769073956 1.69536731666637E-4
0.001820125497005227 1.6748680587957762E-4
0.0018267141866887006 1.660357696842419E-4
0.001823470859834681 1.654914187203709E-4
0.00183050805919685 1.6501482677674554E-4
0.0018431437006883582 1.6566166320520725E-4
0.0018424493395041508 1.640641417746581E-4
0.001848119726959442 1.634894555813549E-4
0.0018553245539759662 1.622426950549807E-4
0.0018487093257510794 1.6123900922245592E-4
0.0018340608979381516 1.5928750570678128E-4
0.001825810112078848 1.5941614366846887E-4
0.001826835304859119 1.59345592335942E-4
0.001822119138558492 1.5833231444923227E-4
0.0018106542887150038 1.5655932486118335E-4
0.001825534703508431 1.549464998150687E-4
0.0018229566378048317 1.5427194403481065E-4
0.0018325360985804505 1.5372427663973393E-4
0.0018246364698250874 1.526187879915687E-4
0.001813819356662049 1.5225914873503093E-4
0.0017986255592052267 1.5227450641924355E-4
0.0017940820164725631 1.5227617641671524E-4
0.001802922826159461 1.5102164822348616E-4
0.0017907454589330797 1.4949236636863396E-4
0.001786019091313461 1.4913676140901008E-4
0.0017890008323939019 1.4939986036178077E-4
0.0017820240032780023 1.4834776126848264E-4
0.0017870736255683763 1.4888367979205955E-4
0.0017792935800080938 1.4880887873183128E-4
0.0017725505868327147 1.4797497358407893E-4
0.0017718517533857284 1.4745213718886195E-4
0.0017599327014213117 1.4713025938474636E-4
0.001759900391437596 1.460883252840406E-4
0.0017650745678842068 1.444195994061486E-4
0.0017753207402328931 1.4462520452829144E-4
0.0017754091955677123 1.4338034566575202E-4
0.0017791551479872086 1.429325043456952E-4
0.001783775465728134 1.434400308074551E-4
0.0017852012608132063 1.4270659863462216E-4
0.0017889387753832226 1.417792118940016E-4
0.0017975842268310727 1.420144849984004E-4
0.0017975030664574782 1.4010678202771494E-4
0.0017851450445666812 1.3914569189114938E-4
0.00179385232290719 1.3838466233814014E-4
0.001792497062847221 1.376261945800009E-4
0.0017903121267091007 1.380424623976813E-4
0.001793114385747259 1.3771735098210434E-4
0.0018013283525283802 1.369361873602292E-4
0.0017987473993786157 1.3596227858744033E-4
0.0018008369973966187 1.3588034685960802E-4
0.001801219861287034 1.364987660946765E-4
0.0018013314294191896 1.3605360843971383E-4
0.0018077886027926449 1.3615115366497966E-4
0.001805958752983199 1.3549232647117027E-4
0.0018082178081782162 1.3461552110924257E-4
0.0018087596804237842 1.33770052479108E-4
0.0018041310601903057 1.3371410013807378E-4
0.001799702940320185 1.3350960860863565E-4
0.0018052959121695339 1.3278895979810076E-4
0.0018072520750815342 1.3270474326849356E-4
0.0018041107248919748 1.3281018475379237E-4
0.0018062766707567738 1.3274158492897371E-4
0.0018169318333853064 1.316829483427466E-4
0.001808817091307641 1.3101678735134316E-4
0.0018112089304854662 1.3128738920667156E-4
0.001810225040446088 1.3131278755785912E-4
0.001803085094570044 1.3093130220741178E-4
0.0018020427338141306 1.3070236330734884E-4
0.001797323592839637 1.2998088962398128E-4
0.0017892792485021784 1.2911876191642267E-4
0.0017910741015129275 1.2867724365903831E-4
0.0017964473570565133 1.2823721919784473E-4
0.0017977256409008346 1.273707478186003E-4
0.0017882294378120222 1.2648447430405925E-4
0.0017949750768877972 1.2647503552808606E-4
0.001799350383871421 1.2597078428233646E-4
0.0018063925854107667 1.2538971828644196E-4
0.0018188098566191756 1.2457068670789498E-4
0.0018237416329049295 1.2351099641660972E-4
0.0018167991325404196 1.2307928139662275E-4
0.0018133277559590545 1.2298576274711746E-4
0.0018160102862743222 1.2300854706812086E-4
0.0018066614472061295 1.2316877480497923E-4
0.0018113184839955033 1.2251930512449083E-4
0.001810041088539442 1.2201246352543961E-4
0.0018158459213394756 1.2143560817574163E-4
0.0018157426506445118 1.2139951949244276E-4
0.0018216321286200054 1.2095640617308843E-4
0.0018179207056242645 1.203574595654215E-4
0.0018104142361103086 1.2002655872624782E-4
0.001823786311022541 1.1901581355427725E-4
0.0018188844650750054 1.186589519767315E-4
0.0018138101254440036 1.1846477709892428E-4
0.0018162268626413006 1.1815026869716363E-4
0.0018105692897730018 1.1787620392907506E-4
0.0018036585716856607 1.1806717748388616E-4
0.0017988977053225526 1.1794404968347418E-4
0.0017998626961641903 1.1773455657430103E-4
0.001807440871900658 1.1717558676422819E-4
0.00180524594677931 1.165391270717351E-4
0.0018062190169467356 1.164948641339741E-4
0.0018001033814652387 1.1638991941696595E-4
0.0018024462884542322 1.1612276124021523E-4
0.001802490266510207 1.1632034765540923E-4
0.0018057794497892926 1.1598500706984362E-4
0.0018083792916718123 1.1565214468272372E-4
0.0018107280575326247 1.1559098334199246E-4
0.0018162985631815275 1.1599454361981319E-4
0.0018152982315952793 1.1529247931783177E-4
0.0018031020671388342 1.1513205637296776E-4
0.001798453062805889 1.1486717085519509E-4
0.0017961072888287976 1.1445552753251926E-4
0.001796126512154301 1.1358389832845898E-4
0.0017988399902604663 1.1334779120092339E-4
0.0017997866902849428 1.1329609145298007E-4
0.0017975492564754544 1.1295753007274306E-4
0.0018006192044139934 1.1243337285087816E-4
0.0018023220762303962 1.1221297627176592E-4
0.0018013137495985424 1.121769614710028E-4
0.0017976222712463834 1.1252048052656557E-4
0.001797680465431944 1.1250923003599975E-4
0.0017932058622969263 1.1173299521979422E-4
0.0017888806532100653 1.1135357788127966E-4
0.0017887766179516696 1.111507321421934E-4
0.0017836697875748177 1.109821952500339E-4
0.0017811687601243754 1.1115930641198432E-4
0.0017789542289654908 1.1056077799302703E-4
0.0017786891463025052 1.1058172313328058E-4
0.0017818489860556572 1.1022460194782673E-4
0.0017805551954928082 1.1019499438913596E-4
0.001779886266825603 1.0971492595685072E-4
0.0017789556434943494 1.0960297963881279E-4
0.0017864349428412896 1.091224737862906E-4
0.001789362879500153 1.090558293330248E-4
0.0017936387933680836 1.0924291939581986E-4
0.0017884590308130696 1.088111141271877E-4
0.0017888213667405428 1.0843111702051874E-4
0.0017884075279357785 1.0808805507514739E-4
0.0017884993082306765 1.0773402126665064E-4
0.0017911579914995064 1.075631773401039E-4
0.0017905255107117817 1.0714032479422988E-4
0.0017949951496483508 1.0737437509328956E-4
0.0017961346664267567 1.0667165874966768E-4
0.0017952158508314192 1.0671969141913707E-4
0.0017926743601226894 1.0656825808410434E-4
0.0017889913310119839 1.0630067167200658E-4
0.0017837241629472887 1.062511174593109E-4
0.0017838016526430854 1.0623491739489716E-4
0.0017823635986048266 1.056954025265608E-4
0.0017830877531422118 1.0605450210969963E-4
0.0017811701368555387 1.0573912059121796E-4
0.0017867923328092929 1.0573612421836741E-4
0.0017848617794175867 1.0538271950245894E-4
0.0017856876215813092 1.0522443378191068E-4
0.0017804263680932034 1.0540350646357302E-4
0.0017757074521917613 1.0488189879826905E-4
0.0017821751696147528 1.046908757987363E-4
0.0017770781823768943 1.041482465186354E-4
0.001780910321103418 1.0387550515457731E-4
0.0017833490832902734 1.0429827309721262E-4
0.0017883435153636653 1.042582823234268E-4
0.001790970069348888 1.0401625337352942E-4
0.0017935003657574596 1.0383517291216954E-4
0.0017957068742566742 1.0368584116840471E-4
0.0017950871833876897 1.035584215183017E-4
0.001793222661878307 1.0318383437861342E-4
0.0017952504658566661 1.0301283610171001E-4
0.0017914535936856216 1.0296027475178643E-4
0.0017916930205017657 1.0298570181813916E-4
0.0017968097222254846 1.0329997425519635E-4
0.0017985715783239093 1.0288812718051025E-4
0.0017958916133092727 1.0286780088568609E-4
0.001800105207643462 1.0267017449285957E-4
0.0018041468468356046 1.0252250069330315E-4
0.001804461033679346 1.0269016929013021E-4
0.001809279986270076 1.0264417816401936E-4
0.0018121804084792923 1.0240189782551926E-4
0.001812555681675979 1.0204538709261533E-4
0.0018149216041284705 1.0219100951506887E-4
0.0018136095745623607 1.0175692422496252E-4
0.001816885402690896 1.017020182352813E-4
0.0018172469541060917 1.0155825153115237E-4
0.0018206155333915402 1.0120478014534721E-4
0.0018192710836107322 1.0113760634477413E-4
0.0018162403393032426 1.0128468481657713E-4
0.001814416486163525 1.0111515653581266E-4
0.0018098062301211632 1.0124047377144228E-4
0.0018106023253188497 1.0092730490590481E-4
0.0018079914905596967 1.0139315249416698E-4
0.0018081203674581202 1.0112622467311904E-4
0.0018074715013551741 1.0080110764983875E-4
0.0018057676831125758 1.007989689527038E-4
0.0018042253175124274 1.0028894478587115E-4
0.0018086968433735822 1.0039758211972836E-4
0.00180921611990168 1.0040121727002599E-4
0.0018097644504472044 1.0028893779753914E-4
0.001811819605395198 1.0018932269769407E-4
0.0018095331990460907 1.0012545375348198E-4
0.0018096980716313822 1.001679772221728E-4
0.0018132354251829265 9.974895644351458E-5
0.0018142060775241532 9.953484223923517E-5
0.0018104948802904848 9.915421031502555E-5
0.0018093921890196844 9.914097394415493E-5
0.0018106618024942944 9.924590080884842E-5
0.001810253768651081 9.902954000162739E-5
0.0018097164145302615 9.873102426800613E-5
0.0018129772446786863 9.880961361863572E-5
0.0018102086450211084 9.898406306992454E-5
0.0018144415951556903 9.84668020809949E-5
0.0018143282970475385 9.855878129329731E-5
0.001811874392167216 9.874465312845836E-5
0.0018119357503411987 9.870720949907121E-5
0.0018091671129292814 9.870540427676209E-5
0.001805783578002929 9.859547269823955E-5
0.0018073326754624722 9.821433344506394E-5
0.0018074998874564121 9.791001078174905E-5
0.0018054715296027847 9.808072635301E-5
0.0018085241658464218 9.817532943546742E-5
0.0018089411939152093 9.835720472501017E-5
0.0018110714360828062 9.813632017997621E-5
0.0018059382313564652 9.785690860701273E-5
0.001806284521355846 9.774496363747017E-5
0.0018078824813301802 9.759778042921468E-5
0.001811122592539142 9.764411712255166E-5
0.0018079302166188814 9.723149282160429E-5
0.0018073883062208083 9.736699457822673E-5
0.0018049100081094188 9.727620428620168E-5
0.0018086250938289627 9.693934554207321E-5
0.0018078578098443075 9.690087153972362E-5
0.0018059456489732278 9.667605995763275E-5
0.0018074531066649985 9.64066583436622E-5
0.001809822054170386 9.651978985538025E-5
0.001806716107667337 9.649524802168868E-5
0.001805484331927751 9.660287343965851E-5
0.0018055131988106707 9.574408796893E-5
0.0018041606125619794 9.554489422967447E-5
0.0018018075675990935 9.546841593719651E-5
0.0018017542758569046 9.545936672190841E-5
0.0018013534014691217 9.540183872844968E-5
0.0017987749461136045 9.504647833640942E-5
0.001797973432265354 9.507401623428166E-5
0.0017956615626230554 9.518069240015898E-5
0.0017946331914796532 9.489743231732558E-5
0.0017900599747428135 9.46489012197487E-5
0.001788404497598914 9.45551130677715E-5
0.0017882719749943996 9.441332780692725E-5
0.0017867326183509493 9.40548173966947E-5
0.0017868298380420695 9.438320320836913E-5
0.001788626071336594 9.38715411554194E-5
0.0017886260085938186 9.339171548468687E-5
0.0017927768424112278 9.353402766373185E-5
0.0017933400540678349 9.341095337935264E-5
0.001794566199352522 9.322873388453372E-5
0.0017938390124936437 9.31469607166017E-5
0.0017940492087650953 9.297033643151155E-5
0.001797065349065657 9.292652276977485E-5
0.001798174213626699 9.274085088026669E-5
0.0017978115539465907 9.236189815258214E-5
0.0017983979040795688 9.245525387684161E-5
0.0017982912595807723 9.217903045945793E-5
0.0017990341901308136 9.199847815306118E-5
0.0018004292878426652 9.192705908037787E-5
0.0018006366933068095 9.179165005198468E-5
0.00180193864684627 9.153627004572883E-5
0.0018006065634925638 9.1434731188037E-5
0.0018016640474977643 9.121901543931624E-5
0.001801692601816754 9.112100744266546E-5
0.0018008566686237109 9.119990800330375E-5
0.0017991627917785555 9.097735415395999E-5
0.001798010519032625 9.085639340558504E-5
0.0018053373854963815 9.078766302250167E-5
0.0018064764337292877 9.061449484039984E-5
0.0018080028478293809 9.05255501316958E-5
0.0018090837924419076 9.042381318101258E-5
0.0018068090561873095 9.007005659041115E-5
0.0018079555098563435 9.0167890971038E-5
0.0018073464062146332 9.006883529234163E-5
0.0018106960053530965 8.972600412743615E-5
0.0018105334640392036 8.952061194981731E-5
0.0018088878423780513 8.955546229070477E-5
0.0018079837788096537 8.945455408459156E-5
0.001808189321214155 8.9359474522488E-5
0.0018092159194229539 8.938935536103332E-5
0.0018086419591045572 8.930809205376281E-5
0.001809509337217161 8.947789678058225E-5
0.0018114844945229204 8.955483879292397E-5
0.0018118604951639426 8.953755183729703E-5
0.0018119295934986867 8.970088409977908E-5
0.001813420901124608 8.943066012047101E-5
0.0018140678135313477 8.922375611560727E-5
0.001813332285481497 8.91785230814376E-5
0.0018119736479021613 8.899443341661391E-5
0.0018134072335046372 8.873182691067961E-5
0.0018118094662036826 8.854375963672163E-5
0.0018148951912747278 8.826962505286237E-5
0.0018169198730847752 8.803597183511815E-5
0.0018196394231925022 8.79683553042712E-5
0.0018210079038983493 8.787480738015014E-5
0.0018217883203260395 8.758651847890216E-5
0.0018229564784972415 8.734326829950054E-5
0.0018233952926457807 8.72409114642091E-5
0.00182065653687433 8.689902738208401E-5
0.0018189901151019466 8.685000170414228E-5
0.0018196934782993977 8.6533973802111E-5
0.0018198473118395248 8.650636221855731E-5
0.0018219611986797857 8.65567937947977E-5
0.0018214112449209782 8.644843915739026E-5
0.0018230430550419288 8.629567234061531E-5
0.0018203547386250454 8.61274584258879E-5
0.0018184994210934963 8.603759328703059E-5
0.0018210954331783985 8.588991199589817E-5
0.0018197902661746708 8.599021196281246E-5
0.001819775877031945 8.588714653851693E-5
0.0018152353477369817 8.589194314588409E-5
0.0018138335256905832 8.572705146490733E-5
0.001815221876872612 8.562815533040352E-5
0.001815264243205605 8.564369682536574E-5
0.0018168281750407778 8.562056686249531E-5
0.0018173890860978495 8.559428368140377E-5
0.0018195543751103856 8.560454435962124E-5
0.001819671050043813 8.542572645069111E-5
0.0018226737489363024 8.514766931048632E-5
0.0018230608850706188 8.494087496874956E-5
0.001821989156994735 8.483496521710982E-5
0.001822069789830267 8.479383806368236E-5
0.0018226546709773403 8.48920043264023E-5
0.0018237923280428419 8.478268723265695E-5
0.0018256979109118584 8.45381651941701E-5
0.0018227412628821905 8.445164972548886E-5
0.001822449126272776 8.431807412855941E-5
0.0018232839796129999 8.423946537470785E-5
0.001827209596631392 8.423464761134548E-5
0.00182826354972895 8.425522460910685E-5
0.0018305043771672908 8.439023327329238E-5
0.0018323084860370669 8.42064136826547E-5
0.0018316448898322566 8.401188141087974E-5
0.0018309024070212805 8.357445131490878E-5
0.0018328767398299774 8.365070122510915E-5
0.0018299728218256679 8.34548325342374E-5
0.0018318514286868022 8.339759368390148E-5
0.0018316513892034968 8.316095788244712E-5
0.0018333190586669404 8.313235025830245E-5
0.0018303260860189122 8.284597126084146E-5
0.0018327480768988648 8.262751731924497E-5
0.0018339753417708493 8.275105905116098E-5
0.0018329590562737358 8.279314073983621E-5
0.0018321059032788958 8.272335490121486E-5
0.0018322275553698227 8.294270246495902E-5
0.0018316963780402715 8.299448854462028E-5
0.0018321782032369098 8.287173529282141E-5
0.001830910849358837 8.264658001060761E-5
0.0018294253636098096 8.255968370695668E-5
0.001831015516819154 8.241638046413686E-5
0.0018297247577366785 8.227204389453852E-5
0.0018293758619922383 8.222206833719388E-5
0.0018320871279294709 8.194777123632512E-5
0.0018312536990918343 8.190121123552084E-5
0.0018347298870557895 8.17536713069946E-5
0.0018332708202000705 8.165955578089604E-5
0.0018328099399236627 8.167059992212612E-5
0.0018339850830500473 8.147212425848395E-5
0.0018326487889368734 8.152567987656413E-5
0.0018302379106676608 8.125046132903875E-5
0.0018302922548799512 8.120365286179405E-5
0.0018298913125889783 8.080153440541537E-5
0.0018309400838102527 8.077564817749156E-5
0.0018296406972213401 8.05236014601679E-5
0.0018304965428527892 8.03381004425779E-5
0.0018290061378476272 8.031279100633373E-5
0.001829810091823834 8.033781839405627E-5
0.0018290768997424427 8.027399797505222E-5
0.0018287233820648413 8.014424161322388E-5
0.0018266202746251327 8.04272760469417E-5
0.001824415097036603 8.045516850641027E-5
0.001826568829803651 8.034224245483693E-5
0.0018290368728687333 8.040140095213918E-5
0.0018295524944436353 8.035484501584598E-5
0.0018289477681693628 8.0573509690976E-5
0.0018276182936440208 8.041597769219819E-5
0.001826682108362778 8.051605047168807E-5
0.0018243005760175406 8.050787391077505E-5
0.0018240637764936327 8.054834919567726E-5
0.0018253984991156882 8.058221122034462E-5
0.0018255588095009972 8.0631269009437E-5
0.0018267036559998827 8.060630245390705E-5
0.0018259305040048892 8.051320032713209E-5
0.0018253481032288973 8.043932093828413E-5
0.0018246592439640158 8.056431486942484E-5
0.001825392890013394 8.036195788946275E-5
0.0018280805038860988 8.021004022379635E-5
0.001826875588462747 8.023692409503184E-5
0.0018286440268659226 8.02793311186369E-5
0.0018283641079234027 8.019527212658887E-5
0.0018284400488750344 7.997505654925962E-5
0.0018293455153420729 7.992061280912677E-5
0.0018280667152224413 7.973071378084939E-5
0.001829848816566252 7.983472576062522E-5
0.0018285376311943358 7.96575448105753E-5
0.001827107520634088 7.956362470690224E-5
0.0018258455712304197 7.935030258138267E-5
0.001828421719111502 7.917878368458135E-5
0.0018284199387629818 7.890849483505028E-5
0.001829814170963162 7.880536531987202E-5
0.0018287243230710151 7.84909182657192E-5
0.0018259509819254659 7.84084044210043E-5
0.0018247354435229927 7.845848760082884E-5
0.0018274643668153429 7.855465462839796E-5
0.0018268855722455967 7.839832183196004E-5
0.0018260090637360969 7.825993425206935E-5
0.0018256364779899443 7.83323743816716E-5
0.0018263492612852314 7.808114611307959E-5
0.0018275363658795348 7.81454661777237E-5
0.001828845755207492 7.811773309382135E-5
0.0018276972867748015 7.803099945172349E-5
0.0018286559471997325 7.809960899896336E-5
0.001830474350914013 7.80523442764804E-5
0.0018309027813020358 7.806022143736681E-5
0.0018294002061709576 7.807220139956629E-5
0.0018281572069365848 7.816932173523262E-5
0.0018286138645175359 7.812798977075537E-5
0.0018286720875491562 7.790421535518067E-5
0.0018291346434530244 7.796982380220939E-5
0.001829879596557971 7.77932478980258E-5
0.0018336788951827505 7.808604543117688E-5
0.001834054307241063 7.787684499749076E-5
0.0018345362594424336 7.770251754676498E-5
0.0018352309620314877 7.7544337295401E-5
0.0018356623151544035 7.737339867840135E-5
0.0018382596102412524 7.724914032450453E-5
0.0018361124450322337 7.711182716878696E-5
0.0018345584415959465 7.713629749720325E-5
0.0018349510853144647 7.708839790197103E-5
0.0018334624189516582 7.707777578533007E-5
0.0018338196636827472 7.705180892724715E-5
0.0018346426007770447 7.706586896928978E-5
0.001832795322704294 7.699154581605552E-5
0.00183229931158516 7.693664222101992E-5
0.0018361806569537915 7.70423607233558E-5
0.0018334925069012408 7.7045957338552E-5
0.0018354835850539453 7.696147268589119E-5
0.001837054539901614 7.680302818069923E-5
0.0018388628946121965 7.667951918936739E-5
0.0018374996954215353 7.651594370861262E-5
0.0018408290173045597 7.644446965868246E-5
0.001841017497877703 7.631514901428415E-5
0.001842872929946901 7.599886907153881E-5
0.0018420065915557492 7.606608823379642E-5
0.0018421866348545817 7.62069598522365E-5
0.0018421809572109916 7.606009004046857E-5
0.0018442927407871308 7.598037938906594E-5
0.0018442581417516116 7.59924881004349E-5
0.0018473585249962315 7.597913208453684E-5
0.0018479313468401028 7.602464712246384E-5
0.001846670090373343 7.608702887371075E-5
0.0018461777025408513 7.610836556443756E-5
0.0018479814925506193 7.61633583969273E-5
0.001848700770418498 7.605681099939392E-5
0.00185026450782572 7.600715449964038E-5
0.0018518813544397372 7.588499643910687E-5
0.0018508267607841202 7.586123919822607E-5
0.0018504715855128162 7.570876995363946E-5
0.001847276689132353 7.568100570552345E-5
0.001849547949775775 7.565738471630333E-5
0.0018470823648595544 7.565044758011659E-5
0.0018481024367276865 7.54674537041341E-5
0.0018500293803928463 7.533749169140843E-5
0.0018516025079797602 7.552439076105634E-5
0.0018534869055294076 7.54360939949572E-5
0.0018554855121685442 7.53129733618479E-5
0.001855221486873273 7.522858920507986E-5
0.001855517319214143 7.502852478029828E-5
0.001858188427939536 7.500474797932593E-5
0.0018591316514304265 7.495738007488385E-5
0.0018605135660638545 7.494744575405505E-5
0.0018586706212062115 7.474638930255069E-5
0.001860604145836289 7.476115063226377E-5
0.0018616358141646467 7.470484046906187E-5
0.0018602083980490667 7.458232234842569E-5
0.0018604737660912923 7.440477726058871E-5
0.0018593794607325677 7.434020168510183E-5
0.0018599702733337632 7.45307943276641E-5
0.0018613444846066812 7.463852117550889E-5
0.0018621932412142834 7.456786890468078E-5
0.0018632610095028444 7.453752725412688E-5
0.0018635507205987496 7.449345362644952E-5
0.0018641241557992004 7.445053941075504E-5
0.0018656334017081797 7.428598431703762E-5
0.0018653880547483844 7.430444837356957E-5
0.0018666784713532458 7.421087363013141E-5
0.0018675413221274232 7.422692726698974E-5
0.0018687394364777928 7.404946177296566E-5
0.0018688639564801146 7.368249209276187E-5
0.0018706162390520658 7.347629769955037E-5
0.0018696226537989998 7.341744124088662E-5
0.0018682362110875282 7.342073256679218E-5
0.0018671105474479552 7.334731767050335E-5
0.0018669350705209854 7.32819151066168E-5
0.0018679779341946113 7.326115425517304E-5
0.0018686685905588607 7.318202759146482E-5
0.0018680215784481874 7.331882276596757E-5
0.001867610610138782 7.341359954621078E-5
0.0018654279693253125 7.323478862799453E-5
0.0018650462227972789 7.324964001555007E-5
0.0018634204038873096 7.324706168530568E-5
0.00186336238891693 7.315458166570245E-5
0.0018632935575046774 7.311443059053482E-5
0.0018622978161555444 7.302932469128386E-5
0.0018633310732240093 7.30148116691344E-5
0.0018624996300882104 7.299773039396684E-5
0.001863171118224122 7.294592834130524E-5
0.0018622961333793321 7.291929789875522E-5
0.001862407297002149 7.305905624349165E-5
0.0018637242047495083 7.27717148414028E-5
0.0018639844551129022 7.276302640159804E-5
0.0018634859561385234 7.260095059282154E-5
0.0018644292260387829 7.24331354212512E-5
0.0018647668596391636 7.223835459933496E-5
0.0018666281859812956 7.220470063575514E-5
0.0018665239613401335 7.223057797304858E-5
0.0018683673140592353 7.218682720319937E-5
0.0018683113678754732 7.216951228427296E-5
0.0018686851579939904 7.204690176637878E-5
0.0018680326997835045 7.195702679091334E-5
0.0018660417970742936 7.181468778120876E-5
0.001867754890345252 7.18303396031185E-5
0.001870170735949059 7.187186345802453E-5
0.001870939657922603 7.198536280424548E-5
0.001870515277505797 7.210260415337831E-5
0.001870387528817208 7.213757506026028E-5
0.0018701741398048977 7.225105022731627E-5
0.0018691405522596456 7.202335016837361E-5
0.0018719165070913819 7.196188959039264E-5
0.0018737625084809862 7.19395392709297E-5
0.0018746396798749562 7.171856307210037E-5
0.001874886179707925 7.17810627822833E-5
0.0018736100670413524 7.174883789563877E-5
0.0018722480925530787 7.163682205904725E-5
0.0018720895678728106 7.165185015861996E-5
0.0018709765196819274 7.147761559801738E-5
0.001869601390435379 7.128623722249778E-5
0.0018684113787318535 7.122809188948959E-5
0.0018680515052589793 7.13084966681853E-5
0.0018699978042617167 7.142982463836624E-5
0.0018741429887280928 7.1305002423404E-5
0.0018737620574073065 7.136959591163476E-5
0.0018733683889090142 7.135015343602707E-5
0.0018717015673596937 7.135065752082956E-5
0.0018722062387067765 7.133319655603098E-5
0.001870830317470506 7.1227322084799E-5
0.0018712077212345195 7.12767888240772E-5
0.0018696251475027916 7.125820028279983E-5
0.0018704428171523793 7.115233080306295E-5
0.0018702304575290033 7.121801568603957E-5
0.0018711284621417928 7.114204153997586E-5
0.0018718680113258583 7.108171584507472E-5
0.0018724031440485078 7.118452721642301E-5
0.0018722519938319938 7.119681703952153E-5
0.001875486138951592 7.108066458060393E-5
0.0018737727262528648 7.103427132706802E-5
0.0018746753872625455 7.100937587885141E-5
0.0018743726688855706 7.104070060212666E-5
0.0018733201974056668 7.062401872576448E-5
0.0018743243266882226 7.048105397812147E-5
0.0018756060645373739 7.057549307016015E-5
0.0018742954656108314 7.0462221798777E-5
0.0018731000018537788 7.037898055017752E-5
0.0018735096180572224 7.021267566762924E-5
0.0018727811644851985 7.010939198205424E-5
0.0018730578572007815 7.02087125958178E-5
0.0018735375911944918 7.007415900363003E-5
0.0018738621055675328 7.01145317216658E-5
0.00187284681413719 6.999180112026144E-5
0.0018729274371937794 6.981584279100254E-5
0.0018724337631222578 6.979956931504582E-5
0.0018724307329750678 6.970148587153451E-5
0.001871889471592106 6.966689334659591E-5
0.0018732428909599957 6.971334621168159E-5
0.0018719479883448356 6.97530588327525E-5
0.0018717659567460607 6.975722221391612E-5
0.0018708147215791135 6.978006443256805E-5
0.001872789414696137 6.980083561469872E-5
0.0018724945977602735 6.98103138645606E-5
0.0018718646974801444 6.984777180177047E-5
0.0018714760049053307 6.967498622041056E-5
0.0018701223499795923 6.973984813402249E-5
0.0018703741635157363 6.958675776700525E-5
0.001870087812225511 6.954589550073205E-5
0.0018705539209643517 6.95619171040686E-5
0.00186852649039465 6.956733226847109E-5
0.0018694763084172276 6.932067098246259E-5
0.0018711614754251516 6.930772555326946E-5
0.001872036102333454 6.933454257752873E-5
0.001874412570543967 6.927851754733795E-5
0.0018753774341241317 6.926392809456422E-5
0.0018765968621506242 6.915811941398547E-5
0.0018758623159585825 6.90571372050744E-5
0.0018750405931019084 6.908746697564347E-5
0.0018751922130169425 6.904107927729488E-5
0.0018756558253421967 6.896546118677368E-5
0.0018762855772855784 6.891966715062418E-5
0.0018768670500952838 6.881494365185252E-5
0.0018763943904343797 6.877807750032782E-5
0.0018784728301610328 6.868188869006064E-5
0.0018793705756159126 6.865634204642986E-5
0.0018797383734541866 6.851000835685601E-5
0.0018806619720029263 6.855327274236514E-5
0.0018824051866103645 6.849456215780025E-5
0.0018805872465729849 6.841910906084252E-5
0.0018803740889212384 6.837709521692581E-5
0.00188033985756272 6.8409933384456E-5
0.0018822829338677352 6.848205956110952E-5
0.001883374655804728 6.861831879752757E-5
0.0018817490934027875 6.863038601302493E-5
0.0018826225972380685 6.847691384547107E-5
0.0018823874418709091 6.869194476424086E-5
0.001882407475937717 6.87651274820629E-5
0.001883053650126551 6.878404890927989E-5
0.001882859436211001 6.862666438084113E-5
0.0018834387801366895 6.855435589497761E-5
0.0018833693653505547 6.861747892085802E-5
0.001882453108161087 6.873886393222298E-5
0.0018829624384023966 6.872715699972317E-5
0.0018828282522289894 6.864554630499483E-5
0.0018831339063964348 6.860489958823205E-5
0.0018825678473969162 6.847776768306005E-5
0.0018833422466838796 6.843920781128738E-5
0.0018846490368800294 6.83616112969374E-5
0.0018848248064599672 6.846203710321886E-5
0.0018847661711387646 6.832516493496391E-5
0.0018844076031048016 6.83122485375889E-5
0.0018856024955829535 6.822966914716982E-5
0.001886293792471812 6.819595178716218E-5
0.0018871415108196413 6.800828062134478E-5
0.0018868483941657833 6.800026960001579E-5
0.001888664394487565 6.805459259068954E-5
0.0018865907194841008 6.803964318140804E-5
0.0018863023002443856 6.817254198979854E-5
0.001885273280781686 6.813973039489243E-5
0.001885724731036161 6.799427871038522E-5
0.001885433173956252 6.80540019640485E-5
0.001885346545604522 6.799725440614958E-5
0.00188615607817611 6.798521076144716E-5
0.0018859199084442424 6.801926532903789E-5
0.0018854260179898747 6.78761512269869E-5
0.0018860354381261735 6.782906129328545E-5
0.0018860697989061443 6.794486609406982E-5
0.001883870774385673 6.807267447084234E-5
0.0018850236129445154 6.809537667843283E-5
0.001884745835313317 6.802131564524878E-5
0.0018841367623249534 6.781038427889653E-5
0.001884331243415808 6.775026122924282E-5
0.0018851876301153585 6.755088729260572E-5
0.0018854922647327035 6.765856311166925E-5
0.0018853843870663307 6.748127728230783E-5
0.0018839967848533045 6.73452951901684E-5
0.0018830902392297424 6.737471328339706E-5
0.0018826777666211712 6.734460306161806E-5
0.0018831897905139806 6.732540853782916E-5
0.0018826993486519067 6.749294501987401E-5
0.0018813936817990461 6.741473849482999E-5
0.0018813100693236499 6.751071876442372E-5
0.001881793189066579 6.75386037369906E-5
0.001882114133727224 6.764050339521251E-5
0.0018837508366791786 6.761101734392981E-5
0.0018832492967902148 6.774968287173475E-5
0.001883039622922538 6.75558270399838E-5
0.0018819027754886542 6.749726973552368E-5
0.0018820479490958132 6.737646603979935E-5
0.001881608520301369 6.72205989635199E-5
0.0018832631163964463 6.728627361052522E-5
0.0018845562918872539 6.733043784456779E-5
0.0018844134501715304 6.723867515492511E-5
0.0018844841429407249 6.708546137189558E-5
0.0018838682358626548 6.722748846164698E-5
0.0018842769321345994 6.71434078022E-5
0.0018826354500891735 6.722616854884031E-5
0.0018845059432887532 6.708922692336943E-5
0.0018839828768936779 6.709663750812284E-5
0.0018845984041389286 6.709221097811847E-5
0.0018841793572695693 6.703702309821544E-5
0.0018834790253868692 6.710925006893261E-5
0.001883980010208097 6.710585387180498E-5
0.0018822865222783193 6.731188188252517E-5
0.001882147736580919 6.730180745778492E-5
0.0018824392384790658 6.717309957477482E-5
0.001881325638586563 6.708503184497838E-5
0.0018804564435133033 6.717588092443768E-5
0.0018823236325675467 6.717230191740696E-5
0.0018835847318991543 6.71846210237825E-5
0.0018835120250419134 6.702106773350299E-5
0.001885352884446345 6.694929258895659E-5
0.0018835235600569479 6.687570848297587E-5
0.0018828169043970371 6.683918001617402E-5
0.0018820317690797608 6.666252471071165E-5
0.0018831308211495197 6.660170089606622E-5
0.0018833793268665708 6.644045534812738E-5
0.0018850422713923313 6.643195306165951E-5
0.0018853429029421348 6.649241591574774E-5
0.0018851747790564217 6.650608486748698E-5
0.0018836422865452982 6.64506719834807E-5
0.001883439633883432 6.64558106640321E-5
0.0018834512734446935 6.635491887204847E-5
0.0018839747356129283 6.635433787760526E-5
0.0018837452000282967 6.614026751300288E-5
0.001883444311046379 6.604293845939502E-5
0.001884661132294857 6.611274615678848E-5
0.0018847156119402423 6.614130121725706E-5
0.0018838238682371182 6.613734882278548E-5
0.001883345092689085 6.617718464972373E-5
0.0018821650804387948 6.619935087416026E-5
0.0018824167201291812 6.62216499290179E-5
0.0018822971581643653 6.612847074232407E-5
0.0018799732072608572 6.614533337614518E-5
0.0018803628299554238 6.605257749445326E-5
0.0018813633571826264 6.612300957685751E-5
0.0018807702977298871 6.623710633407364E-5
0.001879571748384966 6.615398476613007E-5
0.0018800299444001658 6.612231644372227E-5
0.0018802467728380103 6.598138248635997E-5
0.001880127684104729 6.580702759811775E-5
0.0018805027953353963 6.570317430425944E-5
0.0018817621690364618 6.57003314331355E-5
0.0018816838388958056 6.579034239797708E-5
0.0018822894633375342 6.571030146134327E-5
0.001882180320352147 6.569936706434315E-5
0.001882133412804385 6.573726782325099E-5
0.001882183497307182 6.567189571355014E-5
0.0018814824910917852 6.566711623195908E-5
0.0018823123390229847 6.559408448400526E-5
0.0018823237861097697 6.57267242865971E-5
0.001883601840149659 6.571918770889241E-5
0.0018836113551413522 6.566364252026499E-5
0.0018832368789882144 6.555266080070945E-5
0.0018828961315351341 6.557674982946653E-5
0.0018836213707175242 6.557819000402459E-5
0.001882964876073194 6.551635226318818E-5
0.0018826664049992649 6.559225354272659E-5
0.001882206910551241 6.547067495772907E-5
0.001882452700105728 6.545448740491367E-5
0.0018828341294159162 6.525204655547848E-5
0.0018844279019478083 6.520321316408735E-5
0.0018845248851114783 6.508727512759392E-5
0.0018844014167868819 6.519417744823319E-5
0.0018848381168477327 6.50798566136615E-5
0.0018839298003155889 6.512515338074515E-5
0.0018843072370472941 6.526026259791331E-5
0.001884450632088187 6.512169237205577E-5
0.0018844743007771362 6.520827304207996E-5
0.0018842187646555984 6.505005938417575E-5
0.001883312977560311 6.511951771350237E-5
0.0018831012802265233 6.51089600148735E-5
0.001882510587331366 6.524736095903306E-5
0.0018812757758903745 6.507760434605737E-5
0.0018816751426784014 6.514105154385541E-5
0.0018811881790989165 6.512730909006898E-5
0.0018814184839104561 6.52907635259687E-5
0.0018820400651946788 6.521218202360399E-5
0.0018820257289199572 6.521372157367264E-5
0.0018821931766091426 6.52158272414065E-5
0.001880160921621809 6.518841813978102E-5
0.0018824107960424448 6.521329046891761E-5
0.0018854174718880758 6.507407052860812E-5
0.0018860819199768026 6.50542324597338E-5
0.0018861517230391008 6.500885653904618E-5
0.001887587848753039 6.492925563409893E-5
0.001887970933797015 6.48390185669413E-5
0.00188797315433549 6.480809077262032E-5
0.0018876127322378683 6.476134893273E-5
0.0018881621621874493 6.46840117577717E-5
0.0018868236208954307 6.467581660989467E-5
0.001887401021937116 6.469818625608607E-5
0.0018878451028510324 6.469175797624767E-5
0.0018870850728594617 6.463538624165228E-5
0.001888687900131417 6.470494995732343E-5
0.0018896894641711806 6.471937334498365E-5
0.0018902364398654566 6.4764531937653E-5
0.0018890871239538275 6.481919508912915E-5
0.001889576367351472 6.489219648652859E-5
0.0018897007537714444 6.465645520349499E-5
0.0018911786525877576 6.459852530499898E-5
0.0018891816923586602 6.462551649321919E-5
0.001889408285936174 6.45596632746465E-5
0.0018904603032478616 6.467012852991419E-5
0.001890913125874724 6.481127360010118E-5
0.0018911522823349576 6.482887191748031E-5
0.0018915272828682304 6.485958205233776E-5
0.0018910009730913131 6.491924455517264E-5
0.0018906788874006324 6.50274490173453E-5
0.0018912685187152086 6.497118282305582E-5
0.0018909746015156274 6.496176278625491E-5
0.001892410030021024 6.483679154286961E-5
0.0018926935684823874 6.486062450972801E-5
0.0018924081475523013 6.477575267242833E-5
0.001893398645074959 6.480482094466683E-5
0.0018931839723263818 6.463164846974635E-5
0.0018925994388789657 6.473368179526481E-5
0.001892144169699303 6.476039480767796E-5
0.001891308046529245 6.47601400332532E-5
0.0018907228269130388 6.479417901352681E-5
0.001890777923236426 6.467953295599078E-5
0.0018908528502947367 6.474521102086347E-5
0.0018913609795668906 6.488629290185802E-5
0.0018907260188373667 6.486194138759116E-5
0.0018901917031293903 6.480439751351612E-5
0.00189080174479591 6.472311083677507E-5
0.0018905502618647412 6.459367396067245E-5
0.0018899266987433818 6.462824910235607E-5
0.0018878808809097963 6.463914261936712E-5
0.0018891467857143128 6.471435465299486E-5
0.0018889347912360464 6.469846537244694E-5
0.0018900831851183008 6.474931709233983E-5
0.00189062722926176 6.477614895074649E-5
0.001890512762520113 6.481883076716992E-5
0.0018913282641688117 6.474772503363741E-5
0.0018929191434937254 6.468937528931604E-5
0.0018932553349150225 6.476323084253458E-5
0.001893767450009147 6.46681135195506E-5
0.0018939653558408313 6.458743508201724E-5
0.001893069482370699 6.453517729513816E-5
0.0018922612953848764 6.450229834910298E-5
0.00189233014169402 6.450884336063461E-5
0.0018935625793565858 6.4470116128141E-5
0.0018943169175563686 6.443061026217722E-5
0.001893914025077977 6.4445805324009E-5
0.0018943899671602696 6.427583368976062E-5
0.0018944097002690395 6.430749918100288E-5
0.0018944062194377166 6.428447090264469E-5
0.001894947787879003 6.429001774873782E-5
0.0018948131966397093 6.428551569706392E-5
0.0018940165982050299 6.432781758213213E-5
0.001893786099938495 6.432834821510073E-5
0.0018942053833964669 6.437443866643105E-5
0.0018942625531376037 6.424943480975056E-5
0.0018938452846996756 6.429946688463678E-5
0.001893258603673383 6.427036037558593E-5
0.0018924903984221522 6.425942023765397E-5
0.0018922032082990992 6.437252397656029E-5
0.0018917838845177001 6.444001128414613E-5
0.0018924704323177162 6.438242245476347E-5
0.001892529189700361 6.437083898047878E-5
0.0018939394599504196 6.440241418964303E-5
0.0018942929397536069 6.435599747531555E-5
0.0018942821253301353 6.425569125653689E-5
0.0018941817510978285 6.432353869638167E-5
0.0018932734362555933 6.423402686998765E-5
0.0018940996916751538 6.420019487591184E-5
0.0018942268818690038 6.414531741638331E-5
0.0018936436668709642 6.41171295143481E-5
0.0018945478890483305 6.416604813323989E-5
0.0018958942098994643 6.418010889359854E-5
0.0018966088450363635 6.43243566579402E-5
0.0018961953840904234 6.422937278338935E-5
0.0018957833937005158 6.40915619542997E-5
0.001895133990817453 6.401180932592043E-5
0.0018943473530245913 6.401279469055041E-5
0.0018949445154220505 6.403895662680555E-5
0.0018940630933250344 6.402832036091651E-5
0.0018937769453186105 6.398911735068528E-5
0.001894302252424465 6.400248041684002E-5
0.0018946142346336816 6.394588452960113E-5
0.0018945643616498226 6.382841807820782E-5
0.0018939209758096357 6.384654309177167E-5
0.0018934475656388525 6.383481926423965E-5
0.0018926896316013532 6.374694002241827E-5
0.0018928666247022448 6.366277216686487E-5
0.0018911543469507298 6.364277104725619E-5
0.0018906476512439091 6.366496803884275E-5
0.0018918907104523218 6.369181601639655E-5
0.0018914772280959385 6.37278865155165E-5
0.0018910690838147373 6.371915004987037E-5
0.0018910181230048467 6.368998248751816E-5
0.0018901790252124182 6.371512017602725E-5
0.0018903029665042256 6.360688919694156E-5
0.0018897119732119562 6.371413299799293E-5
0.0018905155910608003 6.37054293435514E-5
0.0018881584626770287 6.375713145049943E-5
0.0018874031508512657 6.367956621163525E-5
0.0018891337184940905 6.37084684752068E-5
0.001889212579416151 6.361625905230766E-5
0.0018896825974840403 6.367789290137954E-5
0.0018881385193352377 6.354144682894633E-5
0.001887828875711127 6.350625171865423E-5
0.001887844593112823 6.353365885189297E-5
0.0018873682733451932 6.343614830905734E-5
0.0018867841178485856 6.332222977387647E-5
0.0018865639650382435 6.348251032217047E-5
0.0018859403214264584 6.33193892078706E-5
0.0018844066951846056 6.331889223450056E-5
0.001883809393888292 6.335187752245197E-5
0.001883504823442116 6.32790320393731E-5
0.0018831777656662407 6.321167600013819E-5
0.0018829361888524463 6.325241876338523E-5
0.0018843126004816969 6.329650126238483E-5
0.0018843425151502339 6.319143799040581E-5
0.001884093420734671 6.309207478682034E-5
0.0018843175318278298 6.313322373665908E-5
0.0018845002059169479 6.311881230366356E-5
0.0018841480957493962 6.321019329952537E-5
0.0018834758763899488 6.310402320052784E-5
0.0018836948937960567 6.30334930074224E-5
0.0018839614945771643 6.291445494554645E-5
0.0018847992901994328 6.293509262602441E-5
0.0018844451943924772 6.288556927208816E-5
0.0018852840770512982 6.281862672585286E-5
0.0018854287489007988 6.276047823652304E-5
0.0018849638126293342 6.276064931406069E-5
0.0018862581700942837 6.275375753805339E-5
0.0018860178055547727 6.271020416899383E-5
0.0018849748894309776 6.267358943347592E-5
0.0018847675041152765 6.275140011099553E-5
0.0018845746812786368 6.270817502874386E-5
0.001882824579480398 6.26280046398679E-5
0.0018840160887962647 6.268986677365243E-5
0.0018858586113425385 6.261201323071671E-5
0.001885028159242308 6.258448372736204E-5
0.0018845939129219988 6.251503709705779E-5
0.0018862820027770273 6.248905974546096E-5
0.001887639906927534 6.251854350100878E-5
0.0018875661123456651 6.240557151249691E-5
0.0018874235746538408 6.237825145749447E-5
0.0018866747793810823 6.233740099621938E-5
0.0018860342883756855 6.236382641118989E-5
0.0018867196840993057 6.22675011182652E-5
0.001885698817029404 6.21588710018936E-5
0.0018872319578050634 6.217726991047136E-5
0.0018861171571963923 6.209928850944256E-5
0.0018852813861984178 6.202472177813189E-5
0.0018858927591422297 6.203933917963355E-5
0.001886665888391344 6.200623294286582E-5
0.0018875140109562674 6.205452850389864E-5
0.0018878805895103839 6.203726179037759E-5
0.0018880475530585429 6.200556490943492E-5
0.0018885339637211675 6.204292262573907E-5
0.0018888201848759677 6.201331837385095E-5
0.0018903191451760256 6.194812855105005E-5
0.001890517036808268 6.184120278609344E-5
0.001890021811710054 6.190356775947036E-5
0.001890725579882067 6.189679999351324E-5
0.0018922875150306634 6.193321794297384E-5
0.0018907225860999377 6.202918568265203E-5
0.0018892942898076188 6.190739793572504E-5
0.0018898535386156331 6.183637787785465E-5
0.001889758848218005 6.185753886367806E-5
0.0018906486164276567 6.186637757034345E-5
0.001890370607371998 6.185794123617514E-5
0.0018901258455825784 6.190712116606735E-5
0.0018899854912171258 6.196999521416767E-5
0.001890724652766134 6.193349994369306E-5
0.0018913660283760743 6.197174151441479E-5
0.0018914152285147206 6.189340802636458E-5
0.0018909166575855848 6.174057658721225E-5
0.0018910086033503662 6.16536040523378E-5
0.0018904381573345117 6.166093799169213E-5
0.0018896492164363304 6.168601632151496E-5
0.0018895298728600594 6.166422512941417E-5
0.0018885728856485504 6.15939198176648E-5
0.0018882208544574275 6.155523546666757E-5
0.0018890751553634626 6.163793803477544E-5
0.001889315747456096 6.159331371587852E-5
0.001889727583735712 6.148454517330965E-5
0.0018890034004085544 6.147923528741185E-5
0.0018880573027493068 6.13707894182507E-5
0.0018886288959152338 6.14927236236993E-5
0.0018875833328738936 6.150689847546231E-5
0.0018864656090117676 6.152809904669184E-5
0.0018870291450708264 6.150254491289468E-5
0.0018871574254078387 6.144033241724412E-5
0.0018878758043233022 6.146218257099515E-5
0.0018881551633074727 6.140596019632242E-5
0.0018893108847858047 6.147064012219228E-5
0.0018889881377426696 6.146178327335785E-5
0.0018898018364419966 6.144068509025621E-5
0.0018890442739813032 6.155454410137982E-5
0.0018889794791850732 6.158494933841098E-5
0.0018895646147582136 6.151471480017117E-5
0.0018888138511269842 6.148198971059832E-5
0.0018880947148808827 6.140083227866209E-5
0.001888677654157094 6.140620405276758E-5
0.0018887466883344623 6.144068245522503E-5
0.0018888468473462518 6.141850976588894E-5
0.0018884529401542215 6.130693978479108E-5
0.0018884582874854135 6.124777940745495E-5
0.001888795031456312 6.112618564843454E-5
0.0018893351980531247 6.11421750864185E-5
0.0018902518787565193 6.103763933966703E-5
0.0018906469993521737 6.097975572856348E-5
0.0018920381429812071 6.0909925419331724E-5
0.0018911616616559934 6.092837264617355E-5
0.0018912291686221205 6.093196923896986E-5
0.0018904437096013164 6.0890063283706286E-5
0.0018905557159289582 6.084904900311393E-5
0.0018903286674694058 6.0920538402383474E-5
0.00189010116524467 6.0871362518232454E-5
0.0018899181645341504 6.0889541702956315E-5
0.0018902422845994181 6.08594794095046E-5
0.0018915243216833422 6.075899564238463E-5
0.0018910971915797035 6.0697837558893224E-5
0.001890887256964182 6.065841093295921E-5
0.0018917860254073536 6.062883501102411E-5
0.0018922547893145938 6.063778789201703E-5
0.0018928347042323859 6.0712736199333454E-5
0.0018931606621301576 6.0746471685666685E-5
0.0018937969215491303 6.0773723411145124E-5
0.001894471385701459 6.0782819401694596E-5
0.001894446986798299 6.074257663644241E-5
0.0018938918934004725 6.076414982290787E-5
0.0018945154988130532 6.067259980069218E-5
0.0018941701345727086 6.060224638938924E-5
0.0018943343508306758 6.0645897390031276E-5
0.0018937282576624297 6.065823036511368E-5
0.0018937667751910358 6.05888701170964E-5
0.0018940209375782166 6.060429021011571E-5
0.0018948184450521502 6.057835929266249E-5
0.0018946290130621242 6.056868089980957E-5
0.0018950213231516506 6.067602836827001E-5
0.0018956933061495054 6.0605822398300156E-5
0.0018952696601885412 6.049357714256136E-5
0.0018959376797166375 6.046689648884854E-5
0.0018958411580099282 6.0471553285496504E-5
0.0018974274818744806 6.045762120378964E-5
0.0018972376052619234 6.043643833260798E-5
0.0018985162496897787 6.0363686787941924E-5
0.0018978595355995558 6.0316989391151665E-5
0.0018976281526005018 6.034821662064067E-5
0.0018985493232709836 6.0344892223918733E-5
0.0018988051129535306 6.041770658213148E-5
0.0018997039084696825 6.030633518121216E-5
0.001900610833206827 6.011208337639267E-5
0.0019005754465718392 6.014670522474727E-5
0.0018998516725548338 6.012635151242046E-5
0.001900936523925242 6.0004895769233925E-5
0.0019003334839799596 5.998571091673278E-5
0.0018998586155291007 5.989437432183207E-5
0.0018989996071277064 5.9843484711907726E-5
0.0019002635576049363 5.978318052779362E-5
0.001898787123632902 5.9829651980195756E-5
0.0018994215423038482 5.9814910203961864E-5
0.001897347866718169 5.978823753161004E-5
0.0018964398935355149 5.976003883497672E-5
0.0018954212879437262 5.973206670059266E-5
0.0018956328308486789 5.96253681071906E-5
0.0018955015920797181 5.9617635317511404E-5
0.0018956185383288732 5.968950776967962E-5
0.0018949821069602615 5.9598730521964705E-5
0.0018944307570054235 5.951029040849424E-5
0.001895260683881807 5.9518685601066935E-5
0.001895047888281138 5.947255368733279E-5
0.0018946490285416345 5.947452494774327E-5
0.0018942163349539732 5.947246281999373E-5
0.0018946151567292326 5.950533855499919E-5
0.0018946034610425745 5.946226601548779E-5
0.0018936140898419458 5.934054996901177E-5
0.00189583345092336 5.9423294069154935E-5
0.0018960580183653463 5.945590978830702E-5
0.001895657941536429 5.940275413031234E-5
0.0018961370512679977 5.9507760559929324E-5
0.001896092542595608 5.9594610260154644E-5
0.001896197732146067 5.957349086148734E-5
0.001897236637554435 5.9630858138121364E-5
0.0018979206305695306 5.967590456930195E-5
0.0018990012796664154 5.9617220481639194E-5
0.0018979187218306555 5.964102757868617E-5
0.0018969941095651635 5.957780732102664E-5
0.0018961855166265064 5.954949776902254E-5
0.001896011966370415 5.9555386568368104E-5
0.001896440160778808 5.9420111196735776E-5
0.0018971234771159198 5.933568532579167E-5
0.0018965033419757046 5.9334639803201174E-5
0.0018968389526632422 5.9385788163319604E-5
0.0018975244850937985 5.9391384517941475E-5
0.0018970674251706835 5.939649544460395E-5
0.0018973749504706495 5.944188934516456E-5
0.0018981249845430406 5.93166588891965E-5
0.001898397021182427 5.929306072479679E-5
0.0018979959250375194 5.930905344086702E-5
0.0018980707722047099 5.9335312957554376E-5
0.001897929725167091 5.9309605086710796E-5
0.001898155357366516 5.92819244113065E-5
0.001898542798677758 5.934245157980682E-5
0.0018982409510538644 5.93656518154014E-5
0.001896743406016501 5.9274186071060905E-5
0.0018970461556514454 5.9185882378254756E-5
0.0018966222632845547 5.917795156184208E-5
0.0018972938204753504 5.91911211782021E-5
0.0018974965566419559 5.9102367772393286E-5
0.0018967783353052159 5.91006752717921E-5
0.0018965201635705916 5.91298733116411E-5
0.0018968540722379588 5.912689632378665E-5
0.001897122472419724 5.914594798861612E-5
0.001896477946042282 5.909493377279631E-5
0.0018966444375682228 5.892683613472924E-5
0.0018970060604777245 5.8772953623337197E-5
0.0018954940503401623 5.874156146475208E-5
0.001896033046394843 5.8799269700664136E-5
0.0018964648555079618 5.8708783749933565E-5
0.0018959870132854717 5.873200953050072E-5
0.0018963529984670881 5.875850986659378E-5
0.0018962668364230504 5.869021111386995E-5
0.0018954492296582677 5.8658269931556904E-5
0.001895502293707442 5.854973594955516E-5
0.0018952153914772538 5.8420472093310136E-5
0.0018960897330353283 5.8408242160498726E-5
0.0018966933387709588 5.840295839462039E-5
0.0018964928175642685 5.833684258215836E-5
0.0018970697898193604 5.830367078793422E-5
0.0018974026932791557 5.827707238855747E-5
0.0018980919929383311 5.8233351730620374E-5
0.0018984859718104519 5.826800593656609E-5
0.0019000015227482736 5.8307751020980576E-5
0.0018996178378753148 5.834736529014003E-5
0.00189877094625697 5.8394854225767484E-5
0.0018991432321036872 5.8487547836653094E-5
0.0018996678396267543 5.8512601126595276E-5
0.001899142842982398 5.845512462896971E-5
0.00189891564929652 5.852807360984278E-5
0.0018992099404586404 5.8490261961896976E-5
0.0018986912062553814 5.8496848317213056E-5
0.0018993450405038561 5.8493801342289695E-5
0.0019004443154649765 5.855236770198368E-5
0.0018992525282834907 5.848404967857618E-5
0.00189907433132846 5.8558410327276664E-5
0.0018987567113690883 5.852348997009036E-5
0.0018981564582682847 5.8540665073294856E-5
0.0018988360748117183 5.8509841745501214E-5
0.0018982456085820843 5.856286209450365E-5
0.0018987067778623579 5.8434986141759604E-5
0.0018984230378024638 5.844658064888633E-5
0.0018982293161680778 5.8366263053460704E-5
0.0018989399653378599 5.836450007895287E-5
0.0018991505891157168 5.8338082457761894E-5
0.0018991071017790445 5.82662371188627E-5
0.0018991718708702512 5.827665155696083E-5
0.0019000280904649842 5.822720650229395E-5
0.0018996594843019594 5.823782605768217E-5
0.0018999361159308566 5.8279450782911625E-5
0.0018999080577281001 5.827897376091466E-5
0.0019003828228463689 5.8268335682440576E-5
0.0019010056465569383 5.827202661049038E-5
0.0019008458490867067 5.828661862673602E-5
0.0019016490764426782 5.827237312480093E-5
0.0019011661688611726 5.824750372412067E-5
0.0019001343535080348 5.8135778893873855E-5
0.001899755196542239 5.821046836169433E-5
0.0018985621733547363 5.826669688994486E-5
0.0018986170304547481 5.82311177131924E-5
0.0018990610755681334 5.8150604032278355E-5
0.0018982995587458803 5.8162022279481845E-5
0.0018993086940272798 5.8109380323839996E-5
0.0018982212188439333 5.808302981149193E-5
0.0018986084476197845 5.8153300419425E-5
0.0018993520979830717 5.8165451142217784E-5
0.0018991943106362163 5.810601857226425E-5
0.0018989300154475105 5.810387350949905E-5
0.0018989353364966786 5.8180620037824024E-5
0.0018989007899092676 5.8191078455568084E-5
0.0018990374663011658 5.82018454121832E-5
0.0018995807976827676 5.820468208046943E-5
0.0019001215822499907 5.820864625223519E-5
0.0018996247273543728 5.8190056890421305E-5
0.001899444551080974 5.8280227462674E-5
0.0018995203748606625 5.825664768599584E-5
0.0018990172014339201 5.8302117307000836E-5
0.0018996966928730688 5.829382320625242E-5
0.0018989965867306003 5.827543894448556E-5
0.0018990021163712543 5.8317320740281235E-5
0.0018986993950412326 5.8351503478959E-5
0.0018985746331551987 5.83702150365791E-5
0.0018976960331921972 5.824504985636885E-5
0.0018989167515623701 5.8221766239962875E-5
0.0018984962844363772 5.8141931155209915E-5
0.0018988912843058347 5.817106256031311E-5
0.001898065713811139 5.817134270489137E-5
0.0018978780820526624 5.817225232103947E-5
0.0018978951136935937 5.807007031035242E-5
0.0018981868208307142 5.803126189620691E-5
0.0018989035995020669 5.7924035158904674E-5
0.0018988165587737389 5.7846602993663466E-5
0.0018990513997685864 5.780222330578468E-5
0.0018996156579502374 5.7792327186368105E-5
0.001899498501708851 5.775888870081938E-5
0.0018991150479468477 5.7779339105868044E-5
0.0018987066601736237 5.7768885839559265E-5
0.0018990926247612844 5.7729295176259346E-5
0.0018997558378295249 5.7705510987867136E-5
0.0018999817752313295 5.771398429332094E-5
0.0019001424550991347 5.77124405857882E-5
0.0019000188717735842 5.771385814044008E-5
0.001900411452993209 5.7687036329103644E-5
0.0018999509225963262 5.770549413649154E-5
0.0018999835865250493 5.7705905196002414E-5
0.0019001235652744144 5.7676204256481406E-5
0.001899423643023126 5.769235089816647E-5
0.001899898086330963 5.770103202229135E-5
0.0019001330249971797 5.771026002862091E-5
0.0019011346131244215 5.774464816105969E-5
0.001900681487572168 5.777092172958299E-5
0.0019010901911397636 5.780208734529143E-5
0.001900928586533015 5.7720788190977854E-5
0.0019012577464637744 5.7717974075293024E-5
0.0019005650612637969 5.7773916143501235E-5
0.0019005242029205998 5.7748354859904906E-5
0.0019010382534552692 5.770652779366085E-5
0.0019005543461406177 5.7681091152476035E-5
0.0019003631030772511 5.758861604058396E-5
0.0019003828413200717 5.759156533812855E-5
0.001901198773139909 5.759152974341105E-5
0.0019015766459029126 5.7547953546882225E-5
0.0019018008856715276 5.758864172312453E-5
0.0019017418268492898 5.7632505155796824E-5
0.0019014996460699405 5.766440661486257E-5
0.0019017535637140426 5.767052094272225E-5
0.001902741562095838 5.765477372902589E-5
0.0019029948702063068 5.757770794632301E-5
0.0019024395639280645 5.752819345891132E-5
0.0019022241735677462 5.7489896015237705E-5
0.0019022798456719537 5.752108338172547E-5
0.0019020204921311509 5.753882265660549E-5
0.001902172204845956 5.7479104086420306E-5
0.001903414695468709 5.738693806569717E-5
0.0019032374694407043 5.7321227410768604E-5
0.0019028652223516953 5.722584694892307E-5
0.0019025146631456613 5.7208119515115474E-5
0.0019027558928035077 5.7256716457044884E-5
0.0019017791418172833 5.720757963423824E-5
0.001901915869851243 5.723315196641833E-5
0.0019015086567659716 5.719324512708285E-5
0.001900062237985346 5.723264455355748E-5
0.0019004448593359744 5.729007441160902E-5
0.0019007928685593786 5.7280210777105724E-5
0.0019017395664251337 5.7314879163634024E-5
0.0019010360322328636 5.71890406669022E-5
0.00190101316698145 5.718245514439387E-5
0.0019004446676770962 5.719102121079038E-5
0.0019000109589415843 5.7119803135306164E-5
0.001901456873699068 5.709921386962486E-5
0.0019014775552481113 5.701688943492438E-5
0.001901209342106349 5.700481171799703E-5
0.0019009893599132024 5.704304585729861E-5
0.001901466521241082 5.698704162762351E-5
0.0019015006136221754 5.702500698079607E-5
0.0019022035318591963 5.694215084933103E-5
0.0019018058378305492 5.697452486988848E-5
0.0019031225464526895 5.693305283656439E-5
0.0019024841803334147 5.6925075051999474E-5
0.0019028576883113081 5.693259069311076E-5
0.001903857618461221 5.692618534988336E-5
0.0019033445944974677 5.686800704635181E-5
0.0019038558382796318 5.681234860803579E-5
0.001904619616450535 5.682835907981815E-5
0.0019042750771278262 5.681815114212046E-5
0.0019041087524213187 5.670186213719688E-5
0.0019046942578040706 5.664576243434817E-5
0.0019043546414854885 5.6697152148595754E-5
0.0019035981742735813 5.673371909041177E-5
0.0019041674057360487 5.6761407504895084E-5
0.0019043173217034753 5.6687990202042995E-5
0.0019040879174816129 5.672805025244037E-5
0.00190320412997097 5.663737931476984E-5
0.0019037290397542431 5.6658291078579234E-5
0.0019032629689384826 5.667510894533405E-5
0.001903097645651018 5.672146515145719E-5
0.0019033661456914048 5.670407051294214E-5
0.0019034652016154873 5.671138584501499E-5
0.0019034517384721287 5.6772866416668856E-5
0.0019036808961968156 5.661340604296635E-5
0.0019040793794003895 5.6544464293546324E-5
0.0019039452856124458 5.655751417547013E-5
0.0019040138194850612 5.6595656603369775E-5
0.0019042641386262348 5.670436244510032E-5
0.001904295156010088 5.667569370561058E-5
0.0019042431827453908 5.669601551047817E-5
0.0019035272096502623 5.6725938106943055E-5
0.0019043945933203106 5.674019746480268E-5
0.001904261668150164 5.667697554096437E-5
0.0019043684122745297 5.6676876458819317E-5
0.0019050975888264062 5.6714186866424515E-5
0.001904337723148851 5.665544534888706E-5
0.001902663900192518 5.67397209641073E-5
0.0019032007318298696 5.6723459606631256E-5
0.0019023837144029904 5.673869371902199E-5
0.0019021466031321477 5.678912325010278E-5
0.0019023683332795676 5.674841049913446E-5
0.0019027152428391252 5.6802820018510196E-5
0.0019020979321521022 5.677625440167174E-5
0.0019016499635092598 5.6895170098515605E-5
0.0019011827748316187 5.67724815093759E-5
0.0019022397345326567 5.6739400489031986E-5
0.0019032541270758005 5.684072428169172E-5
0.0019027497717805598 5.670006549749604E-5
0.0019030997413129274 5.658140254356385E-5
0.0019039174711507937 5.653918672992477E-5
0.0019035913417966503 5.653969956070008E-5
0.0019033183214585598 5.653273178798346E-5
0.0019028068625170152 5.651350021911078E-5
0.0019033074032127873 5.649200945634631E-5
0.0019042924995475176 5.6478754735538806E-5
0.0019038066564094442 5.645483708962288E-5
0.0019039772982835609 5.6459429943912066E-5
0.0019045929248871346 5.641742171692731E-5
0.0019048189538000367 5.6481702301442374E-5
0.0019058351027438688 5.652233218616674E-5
0.0019058941958401228 5.643608088646232E-5
0.001905587497347773 5.64362687325916E-5
0.0019058774138964864 5.641049255768884E-5
0.0019055677098765737 5.641464980238939E-5
0.001905539768946273 5.6417211490389226E-5
0.0019049498355862646 5.637391140304362E-5
0.0019053208358946986 5.6376500987746775E-5
0.0019054458855370803 5.638966904629933E-5
0.0019060776693662505 5.64154000755172E-5
0.0019053814414577036 5.6287881642003244E-5
0.0019057355586935359 5.630383531693592E-5
0.0019057465254532099 5.634520893620733E-5
0.001905784768274521 5.633372998745135E-5
0.0019054051516483564 5.629485483493286E-5
0.0019057558553166654 5.6336180091140186E-5
0.0019047374654103076 5.632284424142016E-5
0.001904343162414049 5.628565582622515E-5
0.0019042640317248334 5.627490279012388E-5
0.0019041964140489448 5.629282760335047E-5
0.0019038900522035684 5.6286477051612185E-5
0.0019038539171213993 5.6298863696552804E-5
0.0019034831496074823 5.630395879628253E-5
0.0019046027862450253 5.625980487244002E-5
0.0019044614276125162 5.628007037186102E-5
0.001903968409929381 5.623665503602978E-5
0.0019051327890814839 5.626984413098906E-5
0.0019053947722007972 5.6284960049048837E-5
0.001904851810988172 5.631580946088562E-5
0.0019040846620183235 5.634609282650624E-5
0.00190336704663658 5.634927776976872E-5
0.001903216815569127 5.629124790519241E-5
0.0019041525973524985 5.624496457284576E-5
0.0019035097517214545 5.6339792338131795E-5
0.0019037724471553225 5.6335544335346974E-5
0.0019032182151353426 5.62916321109131E-5
0.0019045149555042273 5.6383010772210874E-5
0.0019048906828738467 5.635815040799821E-5
0.0019053358356095297 5.6338838551238783E-5
0.0019048111126940834 5.629655933898433E-5
0.0019045073962288242 5.630908162372737E-5
0.0019047435552054692 5.622116949577702E-5
0.0019042299219005619 5.6204573316570954E-5
0.0019041402475279366 5.625888173648339E-5
0.001903337263459518 5.629270646191491E-5
0.0019035939778673616 5.628009648341828E-5
0.0019036838541169562 5.6177077989584396E-5
0.0019033677512082883 5.620805926982031E-5
0.0019035351542963427 5.622304726917219E-5
0.0019037730358427867 5.622208322336478E-5
0.0019038118305994122 5.622650090066956E-5
0.001902999767828417 5.6297346015000865E-5
0.0019042178837899292 5.630369578557978E-5
0.0019049647893397198 5.6255127333339845E-5
0.0019044982728856944 5.621557957992232E-5
0.0019052826942980996 5.6195790040233503E-5
0.0019058862083857504 5.617176996901839E-5
0.0019062042158916482 5.613091414380046E-5
0.001905704935691842 5.612695514092819E-5
0.0019053948182714455 5.602900946707494E-5
0.001904749133320794 5.594792821268439E-5
0.0019042504775418122 5.589052066500134E-5
0.0019045727064643427 5.591886607487335E-5
0.0019042506813497595 5.588254540096676E-5
0.0019041407321678412 5.5877400749845744E-5
0.0019037077767502324 5.585259183981687E-5
0.0019044216651697672 5.589360081600835E-5
0.0019047725637767274 5.5896406812894916E-5
0.001904334660500307 5.5798771302933025E-5
0.0019042138739303652 5.5813233535703846E-5
0.0019034288757111327 5.578784512802843E-5
0.0019042073983071394 5.5829795934106753E-5
0.0019054025307026058 5.592020702744513E-5
0.0019056889858394721 5.590423378160516E-5
0.0019055520707986556 5.5889064493850954E-5
0.0019060397006977797 5.587403078274947E-5
0.001905789402185999 5.576865781228312E-5
0.0019048297676969757 5.576584451032112E-5
0.0019041165274658268 5.577058888515196E-5
0.0019042583886082006 5.572256895459719E-5
0.0019053415425947984 5.5640279019137374E-5
0.001905554506969728 5.57247600389878E-5
0.001906191320025488 5.577178807642297E-5
0.0019068087384570436 5.579221907825742E-5
0.0019064792323296035 5.575996564640468E-5
0.0019074251416995266 5.576125065284189E-5
0.0019068503667876496 5.578503787715968E-5
0.0019070664093908305 5.5719777137092945E-5
0.0019085533104365687 5.578592346628444E-5
0.0019086102472112704 5.581564415244043E-5
0.0019085776764981256 5.5839974748630056E-5
0.0019087352293459758 5.588733503016541E-5
0.0019085857367479274 5.5901702722118375E-5
0.0019090985181530753 5.5882587475582414E-5
0.0019091848481338786 5.590119027807138E-5
0.0019093574144855342 5.5910784050406134E-5
0.0019093602314538627 5.5870939501926924E-5
0.001909743925270292 5.5849865085223935E-5
0.0019095254394268456 5.586998845989476E-5
0.0019096737995508244 5.588133697001876E-5
0.001908764167812462 5.579370020814186E-5
0.0019089134320003746 5.580060142929382E-5
0.0019091112520373352 5.580083998781166E-5
0.0019093818055646752 5.580620563803427E-5
0.001909689890895063 5.577086901812559E-5
0.0019092727519805365 5.5801586262828163E-5
0.0019090664003218376 5.5778568011730255E-5
0.0019087202006704965 5.573800392999771E-5
0.0019089346858935884 5.5799668226927404E-5
0.0019086977445034016 5.5737824279477395E-5
0.0019087768550375102 5.568028595219891E-5
0.001908774155676432 5.572354793101937E-5
0.0019086284284272669 5.562541379756072E-5
0.0019087673914057076 5.561260955900309E-5
0.0019086475866103602 5.5632874090367874E-5
0.0019093253574623665 5.562100761602643E-5
0.0019092155637797264 5.5575362900845105E-5
0.0019096936060294125 5.5548617960521964E-5
0.00190988865521436 5.5471290754591246E-5
0.0019094728424928727 5.5448295627599876E-5
0.001909113043419328 5.5449402934464295E-5
0.0019094945563003108 5.548899970477165E-5
0.0019097123536501051 5.546229878128028E-5
0.0019089690990018345 5.54647167846806E-5
0.001908779442029117 5.5465692293230715E-5
0.001908412833149098 5.547177885302226E-5
0.0019081110190240283 5.546503779769623E-5
0.0019076466352399392 5.5497137267707306E-5
0.0019075438826719813 5.549228831198691E-5
0.0019077159576483156 5.5435102438725024E-5
0.001908040779540493 5.539999131337171E-5
0.0019084647473273024 5.534137999702811E-5
0.001908779702002802 5.5293538283022614E-5
0.0019086140171134 5.533294043168007E-5
0.001908843583230663 5.533753069709271E-5
0.0019088721284498179 5.5266306106254326E-5
0.0019089010034678416 5.5232440560862235E-5
0.0019088812841497038 5.523090198652517E-5
0.0019094836897261163 5.5261395962912406E-5
0.001909604141104714 5.523440552152801E-5
0.0019097467843365323 5.5195788087843576E-5
0.001909834756864654 5.5102460009656196E-5
0.0019089088049347536 5.50398555237704E-5
0.0019090376217315616 5.504952575558824E-5
0.0019085450505642873 5.505570135627199E-5
0.001908915191100812 5.5033477243515655E-5
0.0019092184813887746 5.502245849973756E-5
0.0019101394119084426 5.498660147104549E-5
0.0019093077629112397 5.5008401157070276E-5
0.0019093619350239708 5.497819415600197E-5
0.0019093436140055536 5.4956220975340355E-5
0.001908928270881436 5.4947857353815656E-5
0.0019091222422635483 5.494064222636718E-5
0.001909795615355524 5.498209253223502E-5
0.0019091326201628816 5.50078055951942E-5
0.001908473744948441 5.499366787290076E-5
0.0019075296786847757 5.5003241213222805E-5
0.0019073912116231823 5.4961658924809726E-5
0.0019074596126146298 5.493059002062256E-5
0.0019074829820079522 5.486642491382456E-5
0.0019075643334343657 5.485063154498131E-5
0.0019072188939226044 5.475697990717209E-5
0.001907076562213329 5.479971526233496E-5
0.0019068009453065541 5.4782129474669665E-5
0.0019066355710607528 5.47661153751732E-5
0.0019064830230833664 5.4711677893055815E-5
0.0019060103797641913 5.4636719024385737E-5
0.0019061573734134867 5.461150531565486E-5
0.0019060335898620905 5.454137072592895E-5
0.0019070438557860017 5.454885463216257E-5
0.0019070318748858057 5.4661502808264755E-5
0.0019071656531342946 5.4636889334184105E-5
0.0019076795389504429 5.458644170840934E-5
0.0019077885679927107 5.454793249914389E-5
0.0019069514355832661 5.4484324905839E-5
0.0019067546044994827 5.441327802181753E-5
0.0019072197014345497 5.438347627051417E-5
0.0019069736513418747 5.443071027414289E-5
0.0019065198089664487 5.4447187875998886E-5
0.0019057706455461098 5.443102731460871E-5
0.0019056193182070604 5.445339771339491E-5
0.00190624361087344 5.441207944965831E-5
0.0019067942631675978 5.439555240343416E-5
0.0019075000502345855 5.4463564028688335E-5
0.001907537669108178 5.44437022390692E-5
0.0019084012224566552 5.443197928729777E-5
0.0019088021885164672 5.438734072411679E-5
0.0019087068054519257 5.4414922350228296E-5
0.0019089119260162096 5.44220192448058E-5
0.0019095451557510777 5.4394173795880365E-5
0.0019097023878030476 5.433227841487019E-5
0.0019097213088348892 5.4308242605134084E-5
0.001908919700234163 5.432049229817683E-5
0.0019092382787434473 5.431284201588974E-5
0.0019086471581814177 5.430315889407788E-5
0.0019085354990309674 5.4323314106234995E-5
0.0019089157393360227 5.431857264842868E-5
0.0019087956336863545 5.4294842152720354E-5
0.0019089342080504694 5.425523172165249E-5
0.0019086172565239436 5.42044052249144E-5
0.0019087908678339953 5.418163647531089E-5
0.001909410429975861 5.415987922353947E-5
0.0019098759072623725 5.416871657017873E-5
0.0019102164480971715 5.40845121214114E-5
0.001909888438314333 5.402317027724548E-5
0.0019099454711883526 5.404450702772871E-5
0.0019097636319923947 5.403382710831912E-5
0.0019100906076752835 5.404481432447626E-5
0.0019097536145380209 5.4014451532982026E-5
0.0019098489783808867 5.3990294344406247E-5
0.001909702789793426 5.3961729016437855E-5
0.0019095492459513864 5.392355781542473E-5
0.0019090886928330238 5.3874821886721156E-5
0.001908746002658984 5.391792519093739E-5
0.0019097641793303158 5.3872588419527E-5
0.0019099711232106248 5.388067311763007E-5
0.0019095450253626654 5.386840284453687E-5
0.001910573966604095 5.3872166981087555E-5
0.0019102884327825227 5.3868655985842435E-5
0.001909992300108957 5.384631426216646E-5
0.0019091998589384762 5.378722708157931E-5
0.0019090255385700826 5.378524640931614E-5
0.0019087006686525948 5.383480689667022E-5
0.00190864152025239 5.3890700396058155E-5
0.0019081757364193732 5.391827708308687E-5
0.0019088348040734982 5.398158017829558E-5
0.0019081252489422124 5.393270575698826E-5
0.001908489124730019 5.38971250707473E-5
0.0019087285654510555 5.3864301000562404E-5
0.0019086375820471563 5.3885685793762636E-5
0.001908645479378019 5.3885222005407605E-5
0.0019082166095574526 5.3865100635201995E-5
0.0019082813484625919 5.3908141400206607E-5
0.0019080676153766245 5.3880332584732994E-5
0.0019089546440123734 5.391563788542146E-5
0.00190970494352119 5.386984624381425E-5
0.00190979316502795 5.3890742581522776E-5
0.0019100135091966132 5.3809250487692646E-5
0.001910140219777404 5.375692378259003E-5
0.0019104040253998806 5.379316920001982E-5
0.0019105647605427998 5.3742648699693356E-5
0.0019110126936258296 5.3746547293307485E-5
0.0019109292907261164 5.3751369629120505E-5
0.0019105853176747726 5.375534609501207E-5
0.001909781039462368 5.3692937870370104E-5
0.0019094666080376101 5.368406375705622E-5
0.0019087193979324285 5.367252340154267E-5
0.001908105454087611 5.364824133338599E-5
0.0019086120396611095 5.3696276980088464E-5
0.001909081814056704 5.3708191883426216E-5
0.00190849097561469 5.372784018413221E-5
0.0019078899269660888 5.365797197127402E-5
0.0019082194285605916 5.364985696964382E-5
0.0019082380085492239 5.3604658733724005E-5
0.0019081267142023253 5.3525380372599175E-5
0.0019081282191526386 5.347603165992265E-5
0.0019078724348592755 5.351518358131785E-5
0.0019085901767344152 5.361111736843687E-5
0.0019083367670633803 5.358590976350426E-5
0.0019090668953428026 5.3597607048866885E-5
0.001909062970990737 5.356226960362138E-5
0.001909622937863333 5.345548425097497E-5
0.001909511319068397 5.343700100485768E-5
0.0019097875253652635 5.3439371044926745E-5
0.0019094843537341805 5.338556728413524E-5
0.0019095021466138111 5.3317610005982756E-5
0.0019096363954805716 5.3295617574265175E-5
0.001909568816765182 5.3235363446308024E-5
0.0019092928523570417 5.3171752246665766E-5
0.0019096853835376877 5.320957459795804E-5
0.0019098471515791998 5.3160177158650074E-5
0.0019096113807333278 5.313302328749663E-5
0.0019105029160564205 5.313842850996456E-5
0.0019104008738186776 5.31157054685034E-5
0.0019104973260743502 5.3122974839892644E-5
0.001910406329443865 5.306359967378653E-5
0.0019105397412206761 5.309215324085806E-5
0.0019106555043867932 5.306394132385627E-5
0.0019104965066773607 5.3115863607491314E-5
0.0019101000965947579 5.298455567330089E-5
0.0019103374396255226 5.300407492596138E-5
0.0019104272037646095 5.300564703059464E-5
0.0019108688834722704 5.298246135214136E-5
0.0019115971917287979 5.29729496435577E-5
0.0019118458555810662 5.297164203698165E-5
0.0019116380715923273 5.2954931213715535E-5
0.0019111088935536234 5.2939523851249043E-5
0.0019113619910877007 5.296362035512206E-5
0.0019116611571534303 5.301746843574069E-5
0.0019109777610380307 5.296873764332691E-5
0.0019104414635326922 5.295352667257794E-5
0.001911270018996293 5.296340541933222E-5
0.001911131920091092 5.2988128385147824E-5
0.0019116771407801394 5.298821240987322E-5
0.0019118698138461802 5.293437082049462E-5
0.0019122143798842354 5.29311985870597E-5
0.0019127635637394631 5.292646334024433E-5
0.0019125454747527344 5.293257283501063E-5
0.0019120759455556876 5.291463038118607E-5
0.0019125426668347985 5.2930304128525935E-5
0.0019124656811119185 5.298405241022975E-5
0.0019122735275260722 5.3024413468790495E-5
0.0019120931540749727 5.302201677405857E-5
0.0019121121739994263 5.3014003757264984E-5
0.0019114023969265975 5.303611716362719E-5
0.0019113600661826917 5.295985482441165E-5
0.0019111947182497715 5.296172535051607E-5
0.0019122749936585379 5.291115636748585E-5
0.0019118926532119183 5.290927301463151E-5
0.0019113419998043495 5.2890669988765954E-5
0.0019118834623792949 5.285936111788958E-5
0.0019108390005583746 5.287270990686826E-5
0.001910724661004456 5.28289140712628E-5
0.0019110696077152827 5.280669029452504E-5
0.0019110164895765102 5.2802025770645655E-5
0.0019109610778747714 5.278409071097514E-5
0.0019108804549951858 5.280962580797767E-5
0.0019109873694679517 5.279040733372838E-5
0.0019116479689682666 5.2799340867977664E-5
0.0019110912275841939 5.2805657020358183E-5
0.001910956444894956 5.282013282086621E-5
0.0019106268084304872 5.2851377745616606E-5
0.0019099814151791543 5.289805324165694E-5
0.0019100453218137833 5.285113500994769E-5
0.0019109108565817999 5.286297596081921E-5
0.001910442206586127 5.2906515343618593E-5
0.0019104118579047454 5.293748720815893E-5
0.0019099936904013275 5.294216778157022E-5
0.0019097066165168208 5.289855447664626E-5
0.001910860128204323 5.289408034012972E-5
0.0019106947203494553 5.290088837796513E-5
0.001910198241382565 5.285391506103971E-5
0.00191015503592783 5.2840499359792586E-5
0.0019103297364923726 5.287556476828822E-5
0.001910378927625135 5.285472264711123E-5
0.0019103996820922578 5.281686657783734E-5
0.0019101482966407206 5.286084994858743E-5
0.001909515520234792 5.2874569478970324E-5
0.0019105177812438346 5.284560620108492E-5
0.0019105218812688943 5.285242869747467E-5
0.0019112357010653718 5.288913930357787E-5
0.0019118316898458108 5.289974130842176E-5
0.0019120968637997076 5.290993602606928E-5
0.001911662127376149 5.2915185440244666E-5
0.0019121470735479458 5.2917898868224354E-5
0.0019112820819588545 5.288285047359243E-5
0.0019113590708957694 5.2907626453788394E-5
0.0019118135058232995 5.2944705243071766E-5
0.0019117263010601671 5.291723300384351E-5
0.0019115360209017564 5.289219090434742E-5
0.001911433940212069 5.2874904516976004E-5
0.0019117083668585846 5.288490173234101E-5
0.0019120521566254735 5.2899159390647026E-5
0.0019119489637732363 5.28543266112473E-5
0.0019120585032659193 5.28952922581584E-5
0.0019122837482577113 5.287696555393207E-5
0.0019129784608281567 5.284579333776504E-5
0.001912989456034258 5.2822552056687063E-5
0.0019128223092710172 5.2788690740881305E-5
0.0019129509026616035 5.2779945422096036E-5
0.0019125245137078173 5.2792958704569405E-5
0.001912388798735132 5.2744060467807765E-5
0.001911651654538976 5.270637280104934E-5
0.0019116006497870838 5.265388761688998E-5
0.001911116757696357 5.265091580473155E-5
0.0019111138740753372 5.264548646326914E-5
0.001911686551616022 5.2570050041892295E-5
0.0019124146684216126 5.2602756174198E-5
0.0019119782997389849 5.25955895241804E-5
0.0019123074701305185 5.259638503137417E-5
0.0019126595831409857 5.261269928979301E-5
0.0019131884625210008 5.254288367188072E-5
0.0019128327698027252 5.2522113119356394E-5
0.001912762677242003 5.245882705568894E-5
0.0019130632033203777 5.2474326993454476E-5
0.0019122854853674133 5.2420410279517015E-5
0.0019123248050371266 5.245895429890043E-5
0.0019123749719236025 5.2527888700030294E-5
0.0019122219399908423 5.252188656345071E-5
0.00191166605871747 5.253127722563461E-5
0.0019113295654567028 5.246149620034302E-5
0.0019116814717068502 5.2452703016823594E-5
0.0019115155808896674 5.241723424268934E-5
0.0019107025679993245 5.2439242159065916E-5
0.001911019736797183 5.238134182977124E-5
0.001911128845299251 5.232325115614901E-5
0.001911373187237923 5.234429722048799E-5
0.00191176506490792 5.235818534338501E-5
0.001912150241049846 5.24148814015936E-5
0.0019122047829112309 5.2368761428093574E-5
0.0019124179978020238 5.2316216674279286E-5
0.0019128034533493533 5.236723258996046E-5
0.0019131149719007015 5.236413008578595E-5
0.0019127475153149702 5.2283170897261566E-5
0.001912485410413379 5.22590327458516E-5
0.0019132652679286488 5.218963634426145E-5
0.0019131938068344284 5.21706157673408E-5
0.0019135493465797715 5.213809530125728E-5
0.0019134300608525906 5.212399611675453E-5
0.0019128891809828239 5.209965850145251E-5
0.0019137352991742667 5.204094803072688E-5
0.001913581330225791 5.2039472521293856E-5
0.001913147044570912 5.204445863917814E-5
0.0019132784647056624 5.196532293255093E-5
0.0019133714582288866 5.199349714690393E-5
0.0019131118252592024 5.193205785217729E-5
0.0019123650291390684 5.1869572785757424E-5
0.0019124861329309394 5.187015607935341E-5
0.0019129937794529752 5.183621416645678E-5
0.0019129082224004655 5.1844805558753756E-5
0.001912373700155744 5.184944800316514E-5
0.0019120657992010228 5.189345960312271E-5
0.0019125142003375815 5.1872634364952916E-5
0.0019126620730295246 5.184459170218108E-5
0.0019132100044516563 5.187764538041869E-5
0.0019132173378342446 5.186651002719091E-5
0.0019135809285407731 5.184914954160403E-5
0.0019131052730362672 5.182750076617083E-5
0.001912991653432738 5.1856062294513094E-5
0.0019133961146343375 5.1809596635869445E-5
0.0019137939440511719 5.181447653071133E-5
0.0019137842236492005 5.1888291664360146E-5
0.0019129262836422363 5.1891875667843556E-5
0.0019131584849848594 5.192248517707485E-5
0.0019125073737584982 5.19376624305596E-5
0.0019124819547830436 5.194857163686181E-5
0.0019119366414984268 5.192964475525854E-5
0.0019120863115804046 5.2014814704336716E-5
0.001912266324979955 5.1977651490284227E-5
0.001912868906386041 5.199130290510796E-5
0.001912785375050695 5.20110176815862E-5
0.0019128017209312541 5.196956251500237E-5
0.0019123989340319577 5.200456681340555E-5
0.0019125531780225425 5.197190404558288E-5
0.0019135284104157798 5.19487003878288E-5
0.0019133100682490359 5.203378789338981E-5
0.001913312540247093 5.1994551402528716E-5
0.0019133978471157333 5.198862940610412E-5
0.0019135344246478708 5.198190262040545E-5
0.0019142538811823893 5.1936567738715685E-5
0.0019147833530063659 5.1999229970016745E-5
0.0019152407281627787 5.206376636619089E-5
0.0019152961227597303 5.198701672227946E-5
0.001915308492471817 5.1995544173946904E-5
0.0019151202594748285 5.1918266553372134E-5
0.0019161993551020328 5.192971517622157E-5
0.001916061418596249 5.1897062531977204E-5
0.0019157659825719622 5.190162130834786E-5
0.001915937769879011 5.186747982876525E-5
0.0019161432388397313 5.1831636044910384E-5
0.0019161975588718643 5.184612662753686E-5
0.0019158889777711947 5.182467810991701E-5
0.0019153823967072374 5.1851264715548434E-5
0.0019156655469416946 5.182763563337844E-5
0.0019154137380376956 5.1833277686019866E-5
0.0019154035482712786 5.1867058615663955E-5
0.0019151367346906217 5.183888783008558E-5
0.0019156961039109334 5.1868122388538776E-5
0.0019155284478047994 5.185624677763397E-5
0.0019161408607963736 5.178981278897718E-5
0.0019160661616627502 5.1733888888940956E-5
0.0019158699812479 5.1732973093864966E-5
0.0019160454062348582 5.170626275049639E-5
0.0019160496512496353 5.170207505343593E-5
0.0019165516080138262 5.17345893982419E-5
0.0019163958367916425 5.168197748299054E-5
0.0019155557314944052 5.170401942931633E-5
0.0019149739323582916 5.16846860298121E-5
0.0019141300362394828 5.171809465488212E-5
0.0019148768362166988 5.173621383300571E-5
0.001915477133362698 5.16830688764919E-5
0.0019156135063362195 5.169171846352163E-5
0.001915515815837184 5.168503041752732E-5
0.001915372152082128 5.164234772007496E-5
0.0019152140185845512 5.1699276768359344E-5
0.0019148504257647855 5.175249510236265E-5
0.0019151057568261066 5.16897461348263E-5
0.0019153264861221024 5.1687205399850416E-5
0.0019149407928868768 5.163446893803619E-5
0.0019145360996914162 5.160875163510082E-5
0.0019142732958030133 5.1548174641709665E-5
0.001914147412087243 5.15170888949188E-5
0.0019139152881369826 5.146527539990222E-5
0.001913760664494725 5.147363605800793E-5
0.0019142563072346206 5.1512353759404336E-5
0.0019140258898680197 5.151802634002451E-5
0.0019143144072612302 5.149955614065007E-5
0.0019147054175070862 5.15054873326434E-5
0.0019140924506197156 5.150487452060662E-5
0.0019140111589105715 5.151130194756251E-5
0.0019138197006948621 5.147635330001596E-5
0.0019140407092085637 5.1481692584997013E-5
0.0019137599143772919 5.144118888000469E-5
0.001913913239493527 5.142528462145271E-5
0.0019141443174488966 5.142726604886185E-5
0.0019146238435043548 5.1383131588127485E-5
0.001914405820374599 5.1366597567492426E-5
0.0019140975932655873 5.1356606935743526E-5
0.001914442061410569 5.1311609176707305E-5
0.0019140459393733118 5.1302074188995257E-5
0.0019136373813676989 5.1303180945357744E-5
0.0019137995795320468 5.125138061758177E-5
0.001913617521692235 5.126391184522617E-5
0.001913396028715548 5.127383841179886E-5
0.0019130344919093714 5.1295563732212755E-5
0.0019128456038071493 5.1319863066227956E-5
0.0019126558807513352 5.130429958153008E-5
0.0019129917574640483 5.132767200172005E-5
0.0019135474593962643 5.136312325243947E-5
0.001913646991554195 5.136576024862893E-5
0.0019136518554328978 5.1335025619523534E-5
0.0019135556530131496 5.1332289078151745E-5
0.001913814257817319 5.1301269318200197E-5
0.0019133547402215689 5.1292971655888015E-5
0.0019136985600721624 5.127914074317431E-5
0.0019139335980662407 5.125380875556836E-5
0.001914067360647515 5.1265214143526036E-5
0.0019145452931138764 5.1287424388314894E-5
0.0019146071041639809 5.1337784782756954E-5
0.0019148946566501725 5.1328129990626486E-5
0.0019149014593110377 5.129806841089957E-5
0.0019150766581185704 5.1257026880441314E-5
0.0019146859841312834 5.1280261551674264E-5
0.0019153284342098304 5.1318215894128135E-5
0.0019147182535725954 5.130967749308483E-5
0.0019148581405360526 5.129568622632975E-5
0.0019147463799936482 5.128002026659566E-5
0.001914753490219137 5.1295214787142596E-5
0.001915567048930366 5.121227609461811E-5
0.0019152492650566953 5.128114684286862E-5
0.001915946334830297 5.1282512244639475E-5
0.00191617364518737 5.12810891372096E-5
0.0019163174563946003 5.1258317811701126E-5
0.001916579593032802 5.127885259840615E-5
0.0019161781795935745 5.118114569116717E-5
0.0019158512617261589 5.112780391974967E-5
0.0019158964847060256 5.112993976031498E-5
0.0019151460867100566 5.114655204327199E-5
0.0019149682009166748 5.11532353713036E-5
0.0019147667537851216 5.1130866764091334E-5
0.0019148222457378407 5.114449900752792E-5
0.0019147902519510841 5.115586833577151E-5
0.0019149810926136083 5.1132819845084194E-5
0.001915167400665275 5.11426377540854E-5
0.0019155136873767633 5.113922905061905E-5
0.0019149853691161874 5.120028530524363E-5
0.0019153477042871535 5.115046693349497E-5
0.0019156347057994435 5.110802080210823E-5
0.0019162680930212615 5.1119681675086234E-5
0.0019156566702601438 5.109775636235433E-5
0.0019159033851225932 5.1027987683635655E-5
0.0019159360342066107 5.101494953245887E-5
0.0019158166027089148 5.109080594445011E-5
0.0019160715028681118 5.107758351568038E-5
0.0019162846176902374 5.108740193595839E-5
0.0019161897592388489 5.1078266765517704E-5
0.0019158855108192224 5.106305711863199E-5
0.001915631283108185 5.105557214851378E-5
0.0019155980574094072 5.1071474651968066E-5
0.0019154929288647763 5.10155699406062E-5
0.0019156922595691683 5.103995291712303E-5
0.0019153716083283117 5.101514339459319E-5
0.001915409947536584 5.095427353724324E-5
0.00191471003938143 5.098281699229164E-5
0.001915155786784361 5.0939364601118544E-5
0.0019158382754757832 5.090224942579905E-5
0.001916298755060368 5.087512426099635E-5
0.0019169956072445852 5.0864691420559614E-5
0.001917209696860963 5.085796738886889E-5
0.0019172806012849094 5.083077268289846E-5
0.0019173587342558762 5.0783146236506375E-5
0.0019175697871049342 5.0759323403539035E-5
0.0019175896626197723 5.074735189941494E-5
0.001917221834132469 5.0727763638095646E-5
0.0019170675585856794 5.0736116889087056E-5
0.0019175019815408489 5.073854112591959E-5
0.0019172337276430313 5.075803637041988E-5
0.0019177847837880324 5.081993665554646E-5
0.0019175846357977113 5.088082733916059E-5
0.0019179630389030674 5.0884537752733926E-5
0.0019179086880501102 5.0867120757421626E-5
0.0019178149580709458 5.088103228170208E-5
0.0019185101391865267 5.0931382226411055E-5
0.0019180760780232744 5.095613126225224E-5
0.0019179866332832123 5.0866831486050555E-5
0.0019178750729408527 5.0868476054296245E-5
0.0019174791554544693 5.0884913743349345E-5
0.0019176000970077317 5.0909062571667394E-5
0.001916976625174413 5.0877615521454465E-5
0.0019161484639264044 5.083064180687522E-5
0.0019162709007041505 5.084582624959887E-5
0.0019159165880871594 5.080110209293357E-5
0.001915370764115392 5.082307763677072E-5
0.001916004303726944 5.078347455791921E-5
0.0019164446740654055 5.074476221889134E-5
0.0019168739797220543 5.0705932394997084E-5
0.001916810318045935 5.0727544527996834E-5
0.001916454902561234 5.067501254077152E-5
0.0019168575363237798 5.0635096922955995E-5
0.0019162756580991351 5.061743293090554E-5
0.0019157334207180732 5.063405887495058E-5
0.0019159331863957034 5.057622556700138E-5
0.0019153858715434326 5.05887081399872E-5
0.0019156531873332342 5.058115137421707E-5
0.0019157983600705062 5.0587978412481576E-5
0.0019160440648444469 5.062392230505475E-5
0.0019158528618576154 5.0635694436959995E-5
0.001915775521381905 5.06107298047405E-5
0.0019154841361866083 5.061040252684465E-5
0.0019151635242994234 5.058960353217871E-5
0.0019146127144052433 5.057346874408069E-5
0.0019139986819973098 5.053237625849876E-5
0.0019138927303164262 5.050352186870065E-5
0.0019137944858178485 5.052748912080701E-5
0.0019139797509798297 5.0530862278243754E-5
0.0019139737747758622 5.052351828898709E-5
0.0019144829635769894 5.0488024160735534E-5
0.0019145143152747707 5.0493377072999756E-5
0.0019142120301861344 5.0464993865939095E-5
0.0019143016570537168 5.0487913183945E-5
0.0019142805741220372 5.0491331668662723E-5
0.0019145322512748573 5.0451427424657695E-5
0.0019151750057640822 5.047181816376601E-5
0.0019146708709245229 5.0492597361393495E-5
0.0019143914907245123 5.04745735748703E-5
0.0019144423057382313 5.046727784953445E-5
0.0019143824739036581 5.0497651663533277E-5
0.0019141929310094764 5.0506953693809275E-5
0.0019136781520847784 5.047350646205516E-5
0.001913861859687914 5.047603703258366E-5
0.0019140729965686598 5.043930053833499E-5
0.0019143773299505969 5.037087426121978E-5
1: 121 = 121 ### 0.008162 = 0.007981 ##### Davis
2: 21 = 21 ### 0.007903 = 0.007731 ##### Photo_Requests
3: 245 = 245 ### 0.007526 = 0.007360 ##### UC_Davis
4: 1531 = 1531 ### 0.005208 = 0.005094 ##### Seed/Definition
5: 1367 = 1367 ### 0.002902 = 0.002837 ##### departed_businesses
6: 31 = 31 ### 0.002598 = 0.002537 ##### Sacramento
7: 80 = 80 ### 0.002267 = 0.002216 ##### ASUCD
8: 1040 = 1040 ### 0.002230 = 0.002183 ##### Woodland
9: 254 = 254 ### 0.002070 = 0.002023 ##### campus
10: 452 = 452 ### 0.001988 = 0.001945 ##### City_Council
11: 157 = 157 ### 0.001659 = 0.001626 ##### East_Davis
12: 392 = 392 ### 0.001655 = 0.001620 ##### Yolo_County
13: 169 = 169 ### 0.001644 = 0.001610 ##### South_Davis
14: 100 = 100 ### 0.001595 = 0.001563 ##### West_Davis
15: 561 = 561 ### 0.001491 = 0.001460 ##### City_of_Davis
16: 3870 = 3870 ### 0.001478 = 0.001444 ##### Cul-de-sacs
17: 997 = 997 ### 0.001383 = 0.001354 ##### ASUCD_Senate
18: 884 = 884 ### 0.001308 = 0.001278 ##### Interstate_80
19: 202 = 202 ### 0.001296 = 0.001266 ##### The_California_Aggie
20: 8 = 8 ### 0.001283 = 0.001258 ##### 2007
21: 72 = 72 ### 0.001260 = 0.001231 ##### Campus
22: 145 = 145 ### 0.001219 = 0.001190 ##### North_Davis
23: 27 = 27 ### 0.001115 = 0.001092 ##### Arboretum
24: 645 = 645 ### 0.001105 = 0.001083 ##### Memorial_Union
25: 490 = 490 ### 0.001085 = 0.001063 ##### Davis_Enterprise
26: 2883 = 2883 ### 0.001071 = 0.001050 ##### Dentists
27: 81 = 81 ### 0.001048 = 0.001026 ##### KDVS
28: 942 = 942 ### 0.001033 = 0.001010 ##### 2006
29: 125 = 125 ### 0.000972 = 0.000952 ##### Music_Scene
30: 247 = 247 ### 0.000962 = 0.000940 ##### Picnic_Day
31: 337 = 337 ### 0.000899 = 0.000878 ##### Davis_Senior_High_School
32: 179 = 179 ### 0.000898 = 0.000878 ##### Town_Flora
33: 708 = 708 ### 0.000893 = 0.000877 ##### Unitrans
34: 1403 = 1403 ### 0.000886 = 0.000870 ##### Daubert
35: 484 = 484 ### 0.000876 = 0.000858 ##### Winters
36: 26 = 26 ### 0.000873 = 0.000854 ##### Highway_113
37: 152 = 152 ### 0.000870 = 0.000853 ##### Apartments
38: 15492 = 321 ### 0.000858 = 0.000828 ##### User_Statistics
39: 321 = 242 ### 0.000847 = 0.000812 ##### 2008
40: 242 = 15492 ### 0.000830 = 0.000797 ##### Front_Page
41: 1964 = 1964 ### 0.000803 = 0.000787 ##### ttp://gnome.wikispot.org/Users/JoePomidor
42: 1043 = 1043 ### 0.000802 = 0.000785 ##### Dixon
43: 857 = 857 ### 0.000787 = 0.000771 ##### West_Sacramento
44: 1755 = 1755 ### 0.000766 = 0.000750 ##### Pole_Line_Road
45: 15686 = 1200 ### 0.000758 = 0.000723 ##### Interpreting_User_Statistics
46: 1200 = 281 ### 0.000738 = 0.000712 ##### 2011
47: 281 = 154 ### 0.000727 = 0.000709 ##### downtown
48: 154 = 16 ### 0.000725 = 0.000703 ##### Downtown
49: 16 = 1365 ### 0.000717 = 0.000702 ##### 2004
50: 1153 = 15686 ### 0.000716 = 0.000701 ##### Davis_Food_Co-op
