0.08294265431797018 0.001045201582521352
0.004258366561869542 3.5881141686681177E-6
0.003025846593881466 1.4585250753074443E-6
0.00214634076211482 1.378194766471803E-6
0.0021358851519952923 9.54838786762342E-7
0.001989871657280304 1.2482318384513896E-6
0.0017589685466195752 3.2582300140339036E-6
0.0017566783464360003 3.3147668442960393E-6
0.0017068551511385346 2.2643355563388973E-6
0.001573448547102251 1.3489868021580753E-6
0.001385230844030889 1.4300429184952804E-6
0.0011144175344553254 2.9262258940417453E-7
0.0010537491245706312 4.197794006862809E-8
0.001081212722508702 4.643259049501701E-7
0.0012110357966974717 3.8803696151071943E-7
9.912042471533094E-4 7.12755055077099E-8
0.0010544997010005672 1.08698235923459E-7
0.0010211665449106635 1.8319449318348897E-8
0.0010537631136361527 1.1522396611686692E-7
0.0010459069669666284 2.663689337196074E-7
0.0010251572964247429 3.740120713496844E-7
9.469206932250307E-4 4.4747176376804936E-7
9.205255092331967E-4 7.489250023605222E-7
0.0010050295190787459 7.673894912473342E-7
0.0010190612756842805 5.536967998835801E-7
0.0010281901513785863 7.009895622536285E-7
0.0010296945623649962 8.454059093686403E-7
0.0010110450599175055 9.669994087597062E-7
9.844853305441496E-4 1.0236368870229922E-6
9.647599488660558E-4 8.567254901565161E-7
9.578756852239004E-4 6.827580102225202E-7
9.91998261228647E-4 7.938744841860435E-7
9.534926689965344E-4 4.0790324790325515E-7
9.28794957999273E-4 2.7341161765221696E-7
9.18123099298617E-4 4.136913345146505E-7
9.631145324819967E-4 5.072467269451696E-7
9.976508096592636E-4 5.804300280325494E-7
9.60575289452809E-4 5.651255802879344E-7
9.911884937974626E-4 6.905111399367882E-7
9.895750887258655E-4 6.703609178937553E-7
0.0010269748135240523 6.019998788198399E-7
0.0010355687541864754 5.951309221866629E-7
0.0010029874480329136 7.516245206031329E-7
0.001054896851725804 8.30138025679235E-7
0.001065333087586598 6.579309733262319E-7
0.0010709251188507722 5.979288811166041E-7
0.0010448437259938945 6.109160292887069E-7
0.0010366038026184848 4.1627752158545544E-7
9.944043163065746E-4 4.575596111743886E-7
9.288760057875705E-4 5.449182828060981E-7
8.956296780662725E-4 5.688616633700078E-7
8.776870318906161E-4 4.3791624417868893E-7
9.010724207261526E-4 6.236641023423293E-7
8.792308607703323E-4 4.871218703437292E-7
8.592677407740677E-4 5.164345803983464E-7
8.577177908249518E-4 6.027455873969218E-7
8.14475434002143E-4 4.574945276640099E-7
7.957548166141744E-4 3.0318718146084256E-7
7.686606675925145E-4 3.0499245318664465E-7
7.481079707228702E-4 3.7195532380278546E-7
7.406283051130249E-4 4.0280120988070867E-7
7.420847836810681E-4 3.666821164327239E-7
7.585236134970602E-4 3.7298937488563E-7
7.41243040610276E-4 4.387942012993486E-7
7.115312975162165E-4 3.921873081708308E-7
7.275638039805064E-4 4.196773718342323E-7
7.423432319480735E-4 5.298368910994718E-7
7.390618491584549E-4 6.808097207611718E-7
7.375400867091954E-4 6.94168742490308E-7
7.205854304335904E-4 5.777883438414446E-7
6.900023215693921E-4 6.197338270468123E-7
6.725178684121868E-4 5.748505090403706E-7
6.59040814943305E-4 5.746579653526034E-7
6.713882635521622E-4 5.067588219166298E-7
6.610494178973234E-4 5.491647664797273E-7
6.556401127268728E-4 5.531135446865107E-7
6.663671836705723E-4 5.532171491806081E-7
6.51814761711543E-4 3.8177830946615386E-7
6.293604125981149E-4 3.445517996922718E-7
6.360352426026952E-4 4.24233794752541E-7
6.198836342129349E-4 4.409765947039658E-7
6.08028121125249E-4 4.0358405904191005E-7
6.233424093628599E-4 4.271030009755545E-7
5.792914212743214E-4 3.409923502041868E-7
5.759186376384691E-4 3.475149706250573E-7
5.67418403506439E-4 2.744091679752358E-7
6.167947045994082E-4 3.7332562610852005E-7
6.428172267751436E-4 4.2976968911305534E-7
6.397003476771266E-4 3.32868551675639E-7
6.422032295457712E-4 2.526532480780642E-7
6.214444089317056E-4 2.687083493926762E-7
6.031099520897208E-4 2.9137774945629574E-7
6.20431102343795E-4 3.2947679708028897E-7
6.159620394214464E-4 3.117487854095965E-7
6.117536730522983E-4 3.511478172517289E-7
6.014564431979822E-4 2.9122096650040154E-7
6.114743692358076E-4 3.074660327419742E-7
6.29305100111336E-4 2.53060913947747E-7
6.296927551035841E-4 2.597710395964333E-7
6.184727197776209E-4 2.9460997160562894E-7
6.172951212412777E-4 2.159551523601966E-7
6.075772299696711E-4 1.274011394319409E-7
6.068491977550167E-4 1.4463635389029463E-8
6.162974102380675E-4 4.161715683526822E-8
6.169514760474412E-4 5.648365474055964E-8
6.04135723472102E-4 4.588628746838018E-8
6.03367154604195E-4 3.012957213704829E-8
6.080195798334872E-4 2.8931809716931578E-9
6.072104570365599E-4 4.955129407275595E-9
5.975711408885538E-4 7.247326130436777E-9
5.938537474006861E-4 5.823065921018876E-8
5.85664815838041E-4 8.237396470635967E-8
5.810078547864771E-4 1.4021595805263084E-7
5.694203887883725E-4 1.5547101770590523E-7
5.62554061997874E-4 9.304800004157772E-8
5.488594349765602E-4 1.633423003195774E-7
5.45781300343217E-4 9.08178984952021E-8
5.505344014970489E-4 1.8942554659205863E-7
5.335827776098506E-4 1.9898861237067168E-7
5.282229068774863E-4 1.8030975218225227E-7
5.384675894613201E-4 2.0507803465916072E-7
5.294095400595444E-4 2.0290301968299172E-7
5.309373285493481E-4 1.5905014687627177E-7
5.384547748001974E-4 1.578172779439008E-7
5.467398304468972E-4 2.0416214804822329E-7
5.468635886850659E-4 1.9315306535618964E-7
5.532330371610139E-4 1.559695979526821E-7
5.643089257876883E-4 1.5720763315905755E-7
5.697375416104268E-4 1.0518299275539541E-7
5.830403500361697E-4 1.0933571236661948E-7
5.675506959520234E-4 1.3274785670777943E-7
5.663301716265913E-4 8.193227742394178E-8
5.49161722504649E-4 8.037458926172825E-8
5.446871323685738E-4 7.276292913107333E-8
5.45044375082266E-4 1.4579603966289738E-7
5.458793679904455E-4 5.124267717031392E-8
5.499197859967061E-4 6.071905056181871E-8
5.585760954276474E-4 6.654878637615363E-8
5.668242564072984E-4 1.3876655349158527E-8
5.64601149721318E-4 4.181556343166407E-8
5.665498758008139E-4 2.391445799762961E-9
5.520779758088138E-4 5.321003530909911E-9
5.476557269681181E-4 2.3080423137546787E-8
5.400678886604127E-4 8.651527439940067E-10
5.424861295627344E-4 3.0902520242546006E-8
5.552557878864633E-4 3.917797891729341E-8
5.586372017121475E-4 2.010537066524001E-8
5.553528353725122E-4 1.7194931145847166E-8
5.441105981552425E-4 8.089791645951453E-8
5.544984970787918E-4 4.9321373013994703E-8
5.481181524935401E-4 4.743970452184492E-8
5.479631963676128E-4 7.509729971700489E-8
5.257768816206994E-4 1.8157038811925444E-7
5.103674302551967E-4 1.550212573070661E-7
5.213072418189369E-4 1.8909462212118817E-7
5.193977243196506E-4 1.921497942720867E-7
5.243106158727762E-4 1.8228516821136386E-7
5.226004756569376E-4 1.6656386381558866E-7
5.236466830207801E-4 1.651418360986887E-7
5.113290946245569E-4 1.4491744571254418E-7
5.119366207758987E-4 1.0583150182810487E-7
5.225236634466215E-4 1.0589849389294092E-7
5.189443748912066E-4 9.666043843937729E-8
5.210932769087248E-4 6.997865213340793E-8
5.22467311961979E-4 5.5343620294794115E-8
5.277717100014361E-4 5.1478063349347724E-8
5.172865235330084E-4 1.2913373935972711E-8
5.036049535194168E-4 2.6093801674011553E-8
5.010874276042094E-4 1.2587465593199459E-8
4.988237440082973E-4 2.144518918067111E-8
4.951087689961692E-4 1.2792791521103891E-8
4.916418935189024E-4 2.0190847061505365E-9
5.031267222930737E-4 1.094217922904616E-8
5.001302801700693E-4 1.3447448728589695E-8
5.004668085872898E-4 1.4463635389029463E-8
4.963092655298853E-4 6.636343516006841E-9
4.915736988113341E-4 2.4395335060991294E-8
4.886953930678685E-4 4.705378349953313E-8
4.8429428230794516E-4 2.7352563002418196E-8
4.955437167826538E-4 3.7656390324356935E-8
4.933198668986058E-4 5.76789402645603E-8
4.887725741046824E-4 7.49456729325532E-8
4.880310106862595E-4 1.0379023339564253E-7
4.8562426755653523E-4 1.1285548733239035E-7
4.7927332615942163E-4 1.1053915661530611E-7
4.734208125407889E-4 1.1238233078562394E-7
4.7055084777818665E-4 1.2442768507668568E-7
4.696033111085084E-4 1.4078555141057062E-7
4.654248109106032E-4 7.315849237140551E-8
4.6271640752804067E-4 7.573840079761401E-8
4.6558600414241865E-4 7.162053573141458E-8
4.7118333239986893E-4 4.191926546753453E-8
4.526224739989982E-4 2.1860664602648045E-8
4.519518930903944E-4 3.3143620651332755E-8
4.577969147266461E-4 3.090735605664109E-8
4.564759472182094E-4 1.8022652897595822E-9
4.5628059765270433E-4 6.4936584385897776E-9
4.5004926203503245E-4 2.3133952407864322E-8
4.4716303558106846E-4 6.752085274123814E-8
4.4402798002979337E-4 7.99529466992497E-8
4.345212993086166E-4 9.455415568371202E-8
4.248460351868543E-4 1.0227156936589912E-7
4.2084524584550973E-4 9.542146531833214E-8
4.1746357918732155E-4 9.122144138508853E-8
4.148072122041139E-4 1.23470104553191E-7
4.1228501966819283E-4 1.0926467380533523E-7
4.1254318965988396E-4 1.0516476688844666E-7
4.058876531404953E-4 1.2516471615748502E-7
4.041484117898983E-4 1.3436510426137444E-7
3.9890976027153727E-4 1.5831773018922587E-7
4.005295736102401E-4 1.6373572927439053E-7
4.0129215305867026E-4 2.062632089169195E-7
4.111842905904585E-4 2.2222037083930563E-7
4.0451196828403474E-4 1.778384043937367E-7
4.0014750659828557E-4 1.836760906922486E-7
3.8557486609842255E-4 1.595922481163357E-7
3.887019742178417E-4 1.6829192149378925E-7
3.8759579891860154E-4 1.4107785248364642E-7
3.861876964759239E-4 8.996268271687356E-8
3.9304329061255706E-4 1.2080636705987473E-7
3.9648405136168065E-4 1.0559568044015463E-7
4.048600880857472E-4 9.576106439269824E-8
4.1200594965754044E-4 5.8756692426164506E-8
4.0782270619632414E-4 5.911413667699153E-8
3.9980177877421816E-4 7.214697336411802E-8
3.9749227889894045E-4 7.030567192909765E-8
4.0328949692294814E-4 5.224085444746916E-8
4.108892951899296E-4 4.1841595732301036E-8
4.107151727442E-4 3.210829110523853E-8
4.148223310753473E-4 2.742090620796371E-8
4.166098757073046E-4 2.035354233176595E-8
4.171965150946321E-4 4.7948405953111264E-8
4.190104744940451E-4 7.163342479595897E-8
4.144784728362872E-4 5.96650504347944E-8
4.1383642525800253E-4 8.59930654479045E-8
4.1325983876618804E-4 9.247693461864146E-8
4.1695814087179984E-4 9.455386038414028E-8
4.134002303485283E-4 7.310111104935374E-8
3.98847021494483E-4 7.478284015716624E-8
3.970733421656661E-4 8.202785150054876E-8
4.143439963927941E-4 1.0623972614389929E-7
4.126011766263512E-4 7.30345416419305E-8
4.084667875116526E-4 1.1279577792198714E-7
4.025182178016651E-4 1.154487989277577E-7
4.009451219256423E-4 9.864484001591598E-8
4.0301484320515786E-4 1.0240425098776665E-7
3.9975595009147415E-4 8.650099903584205E-8
4.0400342178664673E-4 9.054446530650656E-8
4.0359722225697314E-4 1.23370228274611E-7
4.107586436313408E-4 1.306563897094794E-7
4.1179774892189367E-4 1.5064765818473594E-7
4.1722985202392046E-4 1.5263013118261962E-7
4.11469253788692E-4 1.616218719614922E-7
4.076416779238437E-4 1.5732555209983014E-7
4.0550937295188993E-4 1.4807253383991586E-7
4.1859782984635325E-4 1.4840557395683714E-7
4.1196182798397345E-4 1.5061419237140416E-7
4.0921644030406394E-4 1.4812844555455254E-7
4.111293201042161E-4 1.6438308562199494E-7
4.086793003112906E-4 1.4979640205588988E-7
4.100265455838336E-4 1.7222425480967277E-7
4.076496968842717E-4 1.6776769788764175E-7
4.169469331333043E-4 1.6843377684466683E-7
4.06794509452516E-4 1.7441338808814674E-7
4.031172675749221E-4 2.118915753220293E-7
4.1252641881076035E-4 1.9168101179668366E-7
4.154477949291869E-4 1.9832774717943317E-7
4.160630860870695E-4 1.9551058562887182E-7
4.1318814709656094E-4 1.7730062237423177E-7
4.08073599077678E-4 1.7978270474071454E-7
4.037359838428065E-4 1.8087026182046052E-7
3.914877266134024E-4 1.6138408759501548E-7
3.935995601244194E-4 1.6245089893646364E-7
3.8712548657074354E-4 1.680732081701735E-7
3.910862934433518E-4 1.254774253322085E-7
3.912661283180823E-4 1.290471941823711E-7
3.8799676393340584E-4 1.7440134410329162E-7
3.8582229280883E-4 1.766643876310582E-7
3.8546327370151464E-4 1.7222848814939186E-7
3.8941631468016004E-4 1.9336281798178385E-7
3.8756539715627844E-4 1.788291703621494E-7
3.8140915557735556E-4 1.7637741425901774E-7
3.896821111141778E-4 1.6611518677985118E-7
3.9288005159576506E-4 1.693634802522965E-7
3.933447794688325E-4 1.5704358294643423E-7
3.812158034951097E-4 1.4795448783657788E-7
3.8000310500607064E-4 1.5245476752344492E-7
3.755042646285258E-4 1.8167355682354016E-7
3.7622687559004503E-4 2.249594936877593E-7
3.800328917745238E-4 2.426860746239197E-7
3.7046104719094504E-4 2.5923569810314373E-7
3.630361262254169E-4 2.5809388337081414E-7
3.658745898727499E-4 2.3644813690628215E-7
3.6213931660215306E-4 2.6448803697510007E-7
3.6378730164808863E-4 2.738239498851903E-7
3.687527509729558E-4 2.325600536100356E-7
3.7524679297318785E-4 2.573746672453566E-7
3.8017593600650913E-4 2.589854516785414E-7
3.7916721111956055E-4 2.3491177224913018E-7
3.744961104852765E-4 2.0866093266705068E-7
3.7495002857789014E-4 2.1573657284034266E-7
3.743351289880835E-4 1.8544059288474606E-7
3.7709231370179944E-4 1.9594754351976937E-7
3.7540642361681784E-4 1.9448285626919476E-7
3.7366598010904603E-4 1.8964861320525377E-7
3.802428180954198E-4 1.986052393772864E-7
3.690270809712801E-4 2.1286076061025343E-7
3.708066187179457E-4 1.9712062580249675E-7
3.676832494185938E-4 1.9368889788108558E-7
3.59457351180872E-4 2.1800796512717803E-7
3.565350245267506E-4 1.9415405807717971E-7
3.53759952349028E-4 2.048913481589922E-7
3.559948993607407E-4 2.0330010916590294E-7
3.6068013039234085E-4 1.8223632652454504E-7
3.6283401153317007E-4 2.201262796941409E-7
3.559644198007628E-4 2.0712183693410297E-7
3.5776788118344093E-4 2.1585001283284288E-7
3.573816291255373E-4 1.8653117176181585E-7
3.548044875407145E-4 1.6928843629294147E-7
3.556189306238211E-4 1.7633962126030673E-7
3.458202997987201E-4 1.696183383616715E-7
3.465776954391142E-4 1.7791824447844161E-7
3.483999330467254E-4 1.7910746626484294E-7
3.439060719537836E-4 1.8333435436503764E-7
3.4334394179450336E-4 1.6466702912482643E-7
3.4434177953719593E-4 1.673654920324863E-7
3.3732571412447405E-4 1.5053824798654946E-7
3.325481751884796E-4 1.5566943838947543E-7
3.321556140418214E-4 1.5743774777738333E-7
3.304811788543972E-4 1.4411584297151767E-7
3.2301049152434573E-4 1.308087879955952E-7
3.312099200277705E-4 1.0087874592895081E-7
3.276654065487338E-4 1.1727184444784375E-7
3.3148034493635E-4 1.3264818799394552E-7
3.338655416516835E-4 1.1920796400086158E-7
3.3743320850024717E-4 1.0349990797490837E-7
3.345129656922677E-4 1.2743011872943854E-7
3.344296326764104E-4 1.1224457356733946E-7
3.364963629432519E-4 1.0025271322498255E-7
3.317052404831805E-4 9.406902407024863E-8
3.3009839581454024E-4 8.040196986110974E-8
3.267225788788526E-4 8.552750072632364E-8
3.2009766970380617E-4 8.40417754875369E-8
3.1456485525420126E-4 8.912684339878628E-8
3.156491611585609E-4 1.0218670426128393E-7
3.1933710058014875E-4 9.749845169649223E-8
3.2267083348827563E-4 9.214259854300495E-8
3.2106716338379246E-4 8.36059200715148E-8
3.146120226943151E-4 9.489870431260438E-8
3.1807755229529885E-4 9.36037475550162E-8
3.189377168435767E-4 9.887207085636273E-8
3.157978398713174E-4 9.620346050820058E-8
3.2023335471636886E-4 1.0317281348886981E-7
3.198226218161813E-4 1.0545969146328688E-7
3.1241010174245403E-4 1.0575821145852946E-7
3.110923391959358E-4 1.0993326632687146E-7
3.1726689331624224E-4 1.2507324964433598E-7
3.170401755425038E-4 1.2562041202975716E-7
3.1530250035482035E-4 1.368475473470022E-7
3.112940075972715E-4 1.5203032264902213E-7
3.1423669237174204E-4 1.3543907072340093E-7
3.113577316357399E-4 1.3740440675669418E-7
3.112359618595129E-4 1.5578040125512781E-7
3.1678366666105216E-4 1.3829231662070202E-7
3.099448663486413E-4 1.2708489366325323E-7
3.102109573549913E-4 1.146219074441414E-7
3.139099727298083E-4 1.0891468087200498E-7
3.1286998707381474E-4 1.014522525479361E-7
3.1440436235678055E-4 1.1142992701969112E-7
3.1420861783440556E-4 1.058370083903114E-7
3.167887387116444E-4 1.1657588118977767E-7
3.16971610603505E-4 1.0770054637363461E-7
3.202387818697566E-4 1.076848702764345E-7
3.234734389593523E-4 1.1212200652141035E-7
3.199892184243859E-4 1.0490749038159205E-7
3.2160447470489537E-4 1.1212559996653189E-7
3.259371863792307E-4 1.0994783752549605E-7
3.2475830286323674E-4 1.0302839214976493E-7
3.21095493583875E-4 1.0088625632089703E-7
3.2066901083575297E-4 9.385437518340831E-8
3.193001784767749E-4 1.1503865662003426E-7
3.2139577427711945E-4 9.12580512427578E-8
3.234802645561948E-4 1.0615963526934053E-7
3.209591134560746E-4 9.844560622560916E-8
3.146794323557213E-4 8.263406807115689E-8
3.155968418178716E-4 8.171911863000839E-8
3.188458536352225E-4 8.420565392069267E-8
3.2112690429059155E-4 1.009655805274699E-7
3.2050414112637566E-4 9.302649024093678E-8
3.2643266661812266E-4 8.428569738986669E-8
3.286065001016971E-4 7.895174457917898E-8
3.292511689147054E-4 7.107431151816111E-8
3.2509977192005037E-4 7.399585202469465E-8
3.2139096918313724E-4 6.70608289976595E-8
3.195594578234949E-4 7.37491028593711E-8
3.191384819658849E-4 6.004540562580204E-8
3.1775279497606754E-4 6.373775559720965E-8
3.1893720194477453E-4 8.276852399597833E-8
3.209779325646137E-4 5.849394336242687E-8
3.191532857353495E-4 5.15927298824862E-8
3.214266084815335E-4 5.4668320079707435E-8
3.2515240947877846E-4 4.0400381408955206E-8
3.2818108245686586E-4 4.278183044896408E-8
3.291478442174063E-4 4.466348842740211E-8
3.300545181849836E-4 5.8813576453309465E-8
3.3725602628512205E-4 6.685118751786516E-8
3.4381570953058893E-4 8.577546953811489E-8
3.4066670651326184E-4 9.709038594509612E-8
3.439225020956232E-4 1.0181550891760218E-7
3.490359677221248E-4 9.780834767964149E-8
3.498155069931717E-4 1.1700661877750592E-7
3.489217001723671E-4 1.1798006200684346E-7
3.5105721558173107E-4 1.0505158316762811E-7
3.56440646445619E-4 9.35088387048823E-8
3.550303680665038E-4 8.09136576864332E-8
3.5457796960897657E-4 8.465009679779962E-8
3.5469453600160824E-4 8.884137205773508E-8
3.601726217807202E-4 7.252269017458501E-8
3.6344462244497196E-4 8.419861121002618E-8
3.623760697604799E-4 9.446303140270567E-8
3.569102899497489E-4 8.116098547639546E-8
3.567815125339733E-4 8.909990647780366E-8
3.5760064854672025E-4 1.032154772118E-7
3.5599195591850034E-4 1.1876294145404668E-7
3.5387530407880946E-4 1.194446880096515E-7
3.5337854826383744E-4 1.2074028028149104E-7
3.50528389478134E-4 1.0951261182222724E-7
3.518939310102828E-4 1.16045685753849E-7
3.5172806538381635E-4 1.3715192416680516E-7
3.5624846356793706E-4 1.4496594171844096E-7
3.5523587751761377E-4 1.5665737154140755E-7
3.509438713888689E-4 1.7022178795719469E-7
3.48316285060197E-4 1.6298062660505405E-7
3.4717957444914134E-4 1.7348984612590798E-7
3.4648542517449696E-4 1.8042559678643207E-7
3.44549231570712E-4 1.8260650179712103E-7
3.4338768429256436E-4 1.8472728175850898E-7
3.4816083002616165E-4 1.873885341003567E-7
3.4497113746873086E-4 1.929818469808829E-7
3.461774116418954E-4 1.851567550045514E-7
3.52234750047728E-4 1.7185361780673174E-7
3.481351149687299E-4 1.6252633134631412E-7
3.5281989052778735E-4 1.5744438089205446E-7
3.5106940578719895E-4 1.5652955906624505E-7
3.5201692368202575E-4 1.6492226889911594E-7
3.4775635965394514E-4 1.7018315713413981E-7
3.457918531566895E-4 1.7002997654889213E-7
3.493937162050625E-4 1.7188217699452227E-7
3.5183471733604243E-4 1.890451876510667E-7
3.512927250818042E-4 1.8967855717654718E-7
3.5246653506255227E-4 2.0211196318215658E-7
3.537866989418903E-4 1.881260133351076E-7
3.5165767281757326E-4 1.9180363549370095E-7
3.5544939393470504E-4 1.8644243651436734E-7
3.615920258516848E-4 1.792755143621854E-7
3.572321664167148E-4 1.7583893461792585E-7
3.606416584557429E-4 1.7179435881321332E-7
3.565769789742151E-4 1.7116308771682258E-7
3.554705986683588E-4 1.510649118305823E-7
3.5497753337613875E-4 1.6014748262071214E-7
3.5599332224328347E-4 1.7698291836937692E-7
3.5288870744164616E-4 1.6814388883733706E-7
3.5563573349271305E-4 1.8082085080773068E-7
3.5565831617946023E-4 1.763545673074329E-7
3.551981520711992E-4 1.844844109332648E-7
3.563542342153368E-4 1.8505878625839876E-7
3.584344011286388E-4 1.7939266655331813E-7
3.623108012734132E-4 1.8577893796088447E-7
3.6048434003834806E-4 1.8209696651409535E-7
3.616942272248628E-4 1.7987538947341957E-7
3.639305406367172E-4 1.7952339399292694E-7
3.611305669622768E-4 1.7597100752786676E-7
3.626229520495017E-4 1.761844463144701E-7
3.617936449634095E-4 1.8060191191314245E-7
3.636592355152194E-4 1.737036777008319E-7
3.647360331986008E-4 1.8335330125675487E-7
3.6595902272319053E-4 1.8047299493632407E-7
3.6741870496142246E-4 1.8892255392060535E-7
3.702609945486178E-4 1.9184976597882747E-7
3.64450112150811E-4 1.728625299483207E-7
3.6337285423254173E-4 1.5787086019019994E-7
3.634774437327239E-4 1.5866318046825814E-7
3.61092041393155E-4 1.4408097493918742E-7
3.634238427840512E-4 1.5928773832642076E-7
3.635269911559596E-4 1.5957550382114243E-7
3.670589185698519E-4 1.6193499023313922E-7
3.673917851991289E-4 1.647344853388148E-7
3.710441784379317E-4 1.707537754871573E-7
3.700470345716749E-4 1.8109287426034917E-7
3.668641581791969E-4 1.8374672478869367E-7
3.6445812468054704E-4 1.8268750900039246E-7
3.6902666627923724E-4 1.9409676249569922E-7
3.7309729949473367E-4 2.070147914638639E-7
3.723603650851189E-4 2.0697883615785028E-7
3.6642010331824687E-4 1.913686267585992E-7
3.668458989846724E-4 1.9736959608183973E-7
3.6767203123726363E-4 1.997769893937395E-7
3.6294443269142666E-4 2.0371396042829213E-7
3.6327137278009745E-4 1.9793537733666018E-7
3.636726530642355E-4 1.881064921852065E-7
3.5685603486868033E-4 1.8050274912700574E-7
3.6008886281560753E-4 1.7419459869029972E-7
3.5893326099785893E-4 1.7500835648405418E-7
3.5534637259620463E-4 1.7677482139215908E-7
3.518883427296016E-4 1.7315694388443588E-7
3.509568762600733E-4 1.5202562116232462E-7
3.49835285401819E-4 1.3650708651690097E-7
3.4875501783190204E-4 1.51870862544193E-7
3.505617387484244E-4 1.4342619081702819E-7
3.488737341313808E-4 1.3522951764250606E-7
3.4674794862375887E-4 1.4407741868660497E-7
3.4810639637283705E-4 1.3381589831410032E-7
3.4678781981930965E-4 1.4485161616756336E-7
3.490789662484083E-4 1.4787780323488218E-7
3.501744765462327E-4 1.4306862700428193E-7
3.484591886000291E-4 1.4825080319936813E-7
3.541542805372969E-4 1.526929047031999E-7
3.5846047202520517E-4 1.5234095477817205E-7
3.5890090023722753E-4 1.6954239081094644E-7
3.5738308678560547E-4 1.693277670921655E-7
3.606740125986289E-4 1.7558674684344455E-7
3.6057329457968236E-4 1.6550304657936353E-7
3.595565162556358E-4 1.5051769915766207E-7
3.6058701221516605E-4 1.5686009524569283E-7
3.6309382373307783E-4 1.4774609306730915E-7
3.6233960520339645E-4 1.5785785094760455E-7
3.668518833943727E-4 1.6643551335337895E-7
3.6880066258541304E-4 1.7709588751625173E-7
3.6383062516888367E-4 1.7852639775227538E-7
3.633951846664218E-4 1.9098313681100543E-7
3.6748933941619256E-4 1.7955673580300694E-7
3.6676851979741286E-4 1.8134498553572747E-7
3.662304614035107E-4 1.7174642874966974E-7
3.6853739554783336E-4 1.7883239229252163E-7
3.6775160207973626E-4 1.8134868540393197E-7
3.670890989138267E-4 1.8405985132128363E-7
3.656388774294215E-4 1.6820748531107315E-7
3.614938977121253E-4 1.6682224062264633E-7
3.5856187480083276E-4 1.598766571279768E-7
3.5769021511040814E-4 1.4999694864155523E-7
3.579675837430508E-4 1.4420121580919609E-7
3.538533676840217E-4 1.4194151368529073E-7
3.506313131809858E-4 1.521902684213674E-7
3.516714338084191E-4 1.5531753301855E-7
3.5003230083630044E-4 1.3565422420453918E-7
3.493349382960271E-4 1.2725146094236072E-7
3.46030978214673E-4 1.415745359820806E-7
3.463788062774034E-4 1.3754651355235147E-7
3.445920928960047E-4 1.3628498405759276E-7
3.439776602120095E-4 1.311268873510453E-7
3.4396030825425516E-4 1.3166971946280514E-7
3.4488339427495604E-4 1.407779155779577E-7
3.4043411230587914E-4 1.4165763591797578E-7
3.397690305913685E-4 1.4601199962053715E-7
3.3601253548285663E-4 1.4218462587121798E-7
3.3355072784662656E-4 1.3313384317693893E-7
3.3345233538930577E-4 1.446731968898863E-7
3.309511759129178E-4 1.5546509006380004E-7
3.3268168461217265E-4 1.5705323692025548E-7
3.30606563191139E-4 1.587139016873056E-7
3.239591981270861E-4 1.4827012725317272E-7
3.210962473447422E-4 1.458110139294344E-7
3.2244801622005126E-4 1.4931052452047978E-7
3.217095255523279E-4 1.5097311869864888E-7
3.257593136663212E-4 1.5169981010941687E-7
3.282388185706978E-4 1.5671764390379884E-7
3.310430755294162E-4 1.6384158506313826E-7
3.3140595730274E-4 1.565241643938721E-7
3.344180557865345E-4 1.5311884363142507E-7
3.3609311706642706E-4 1.5863666845644073E-7
3.3985791272712006E-4 1.5221050087142112E-7
3.4085185603541734E-4 1.7413118557446335E-7
3.41299918951982E-4 1.8160871845415255E-7
3.3963758674314837E-4 1.7071304761262707E-7
3.3932579096128976E-4 1.712023309855253E-7
3.433703808334573E-4 1.8324526867871362E-7
3.480245485689965E-4 1.8325576142521683E-7
3.4827765833240153E-4 1.8444048996814013E-7
3.4665271284182086E-4 1.761676224420561E-7
3.462936143839377E-4 1.7694525202682489E-7
3.455732768596079E-4 1.8269443050250768E-7
3.475924019618032E-4 1.83270064450161E-7
3.432936094672274E-4 1.768962180211754E-7
3.417908528494214E-4 1.782670952881312E-7
3.4103760195129153E-4 1.8592078755041335E-7
3.412343951785024E-4 1.8585182161624E-7
3.3985056822198535E-4 1.9048267457814547E-7
3.404321945314104E-4 1.9569355446281012E-7
3.3905748460010335E-4 1.976527797751111E-7
3.3577611835151574E-4 1.8613492195587895E-7
3.366433099894913E-4 1.958462191326563E-7
3.334845048022872E-4 1.8144882835880756E-7
3.339588313439704E-4 1.8463718337348456E-7
3.3154643343480937E-4 1.9455985758362452E-7
3.297666226834478E-4 1.848736206739885E-7
3.2589796013264745E-4 1.8322801978176852E-7
3.234468779027081E-4 1.8404497680863096E-7
3.2326492930262625E-4 1.792577736286138E-7
3.2407287909176077E-4 1.8534175102939807E-7
3.221640425063626E-4 1.7148285348762366E-7
3.2426943002826427E-4 1.562499110633231E-7
3.263343728938564E-4 1.5943229633632455E-7
3.2483277216949593E-4 1.7117222374642903E-7
3.2417210807665923E-4 1.7363072739059028E-7
3.2128850577072953E-4 1.7807133059901748E-7
3.211014508160262E-4 1.8452038189464956E-7
3.213068456082524E-4 1.9325655408595528E-7
3.2002746983509744E-4 1.812954159890925E-7
3.153894807052225E-4 1.815602009231157E-7
3.145937506997164E-4 1.8731519450292046E-7
3.146257709553602E-4 1.753510960819806E-7
3.117001487787255E-4 1.8159814953736452E-7
3.1357150279709444E-4 1.998605152703166E-7
3.1516670381400477E-4 1.9046575945775196E-7
3.132357139524108E-4 1.9555431636632075E-7
3.1606631942577657E-4 2.0030651136275035E-7
3.1361341182893903E-4 2.0468849072040183E-7
3.1429161625401E-4 2.1529126606230494E-7
3.104010458921813E-4 2.2547087753989364E-7
3.0925391445227844E-4 2.2181057507088741E-7
3.110210673779131E-4 2.2940854520449647E-7
3.100516687775948E-4 2.3874212877770867E-7
3.1197172775415075E-4 2.3405891425816108E-7
3.1117685821212607E-4 2.2921534639908618E-7
3.063315434045443E-4 2.288010631397295E-7
3.0665682727195926E-4 2.355227613240498E-7
3.041759299786098E-4 2.523495678313908E-7
3.0270336637392835E-4 2.4869291227764677E-7
2.982059015758172E-4 2.448390820195299E-7
2.997496483244465E-4 2.3015502442350403E-7
3.0071592530143466E-4 2.2440002474726433E-7
3.039233280184233E-4 2.282934389734358E-7
3.008918268599109E-4 2.263986563131619E-7
3.0418418235615707E-4 2.2968958815734953E-7
3.0645642017829156E-4 2.3790044979137454E-7
3.0679251226989454E-4 2.2381374920282213E-7
3.0854416238939035E-4 2.2104436928530822E-7
3.1065039596518196E-4 2.1310230220431177E-7
3.158813414837411E-4 2.064871113464822E-7
3.135274124814836E-4 2.1083856841567453E-7
3.1392801019511807E-4 2.1196609050903913E-7
3.144317113789875E-4 2.0606562881343016E-7
3.141052021151336E-4 2.188409553389859E-7
3.1553948841061576E-4 2.261377279135407E-7
3.1465976440736196E-4 2.2105717730692607E-7
3.122522505173771E-4 2.1443356969174737E-7
3.1021400956645403E-4 2.1940235972486258E-7
3.096131572708844E-4 2.274977673432838E-7
3.1249773627029637E-4 2.3033977466208988E-7
3.133193335660594E-4 2.247866497239202E-7
3.1129687610707737E-4 2.2274797684452316E-7
3.124735328006367E-4 2.227637319278844E-7
3.05923328661974E-4 2.091014539810034E-7
3.050126305979363E-4 2.1255228462498539E-7
3.027760218928813E-4 2.0098634286427522E-7
3.0174625513925215E-4 2.033377575056167E-7
2.9934814951954264E-4 2.06714916177281E-7
2.9855918472976447E-4 1.987372215760973E-7
2.998973028447233E-4 1.9530145239967782E-7
2.981216392651619E-4 1.924068026852208E-7
2.963461760287585E-4 1.922364958254467E-7
3.0094930462633827E-4 1.7827815497530063E-7
3.032830533746067E-4 1.766770217517298E-7
3.0412195316947247E-4 1.7468513533738187E-7
3.044116016226845E-4 1.7849248403910192E-7
3.0434559058458094E-4 1.8166393722790633E-7
3.024318403087178E-4 1.763589618444675E-7
3.00145354364236E-4 1.709061083809743E-7
3.012808520122857E-4 1.8101107599301832E-7
3.0134254820801557E-4 1.927195827881116E-7
3.0204670582869447E-4 1.7809984736519573E-7
3.040113855797542E-4 1.7388207092462255E-7
3.0197723962567915E-4 1.7279917936977387E-7
3.002563951569528E-4 1.5924901053350943E-7
3.002445837121375E-4 1.7236169749480838E-7
2.9874997896687855E-4 1.665908837634184E-7
2.994072138623483E-4 1.7105385400371047E-7
3.005360748672911E-4 1.748579981187355E-7
2.9976764008980987E-4 1.6952807752419811E-7
2.9912082229620763E-4 1.7461080482506918E-7
2.9922549558111344E-4 1.7958220667614572E-7
2.9695797551172157E-4 1.804309212479052E-7
2.975022494738325E-4 1.893211737128702E-7
2.9745073416076223E-4 1.8410495167390823E-7
2.980805606049361E-4 1.8810681236925097E-7
3.0045855110779197E-4 1.8542829628264822E-7
2.999649061833224E-4 1.8693139578687955E-7
3.0187783621116247E-4 1.89289125557237E-7
3.0100745527115655E-4 1.9173531848281874E-7
2.9796875135503853E-4 1.812316582877171E-7
2.9673372301769593E-4 1.7984958939652127E-7
2.9748116946470057E-4 1.8214062715058934E-7
2.9501802805171696E-4 1.8069806771232644E-7
2.962214675046455E-4 1.825081869729573E-7
2.943033115606875E-4 1.8072282560107228E-7
2.938264658659157E-4 1.8906898475406743E-7
2.8875983102952816E-4 1.861801875221105E-7
2.87221022923212E-4 1.8433451352242898E-7
2.8506146113616764E-4 1.8847497450251758E-7
2.839106935287458E-4 1.8656875322336564E-7
2.820851954001795E-4 1.8647896777686587E-7
2.861503514205731E-4 1.805589336753593E-7
2.8901864530271864E-4 1.9187334539791829E-7
2.867887593628447E-4 1.9320658266657137E-7
2.8757634836677596E-4 2.0229783371871575E-7
2.8637844875441763E-4 2.030854699886013E-7
2.863829054211422E-4 2.114560240636801E-7
2.843811540067529E-4 2.0595252774744185E-7
2.8717800444680937E-4 2.0135992174511802E-7
2.877948387851526E-4 1.9930822508414385E-7
2.890350131327592E-4 1.9446091081968847E-7
2.8809818369940083E-4 1.9961819911951573E-7
2.873732102596087E-4 2.001255651977503E-7
2.8926760048150345E-4 2.0872460260209082E-7
2.887033821090501E-4 2.0508506480443225E-7
2.8945926192227276E-4 2.1411175032310818E-7
2.875977443439732E-4 2.1157381049106088E-7
2.8606262513938537E-4 2.1114642403604488E-7
2.829404580838783E-4 2.0938075874855683E-7
2.8268190484541616E-4 2.1005201739709647E-7
2.830270229113252E-4 2.1639838333390284E-7
2.818503330915222E-4 2.1011568484948304E-7
2.8200570985064495E-4 2.1420409683403272E-7
2.786162159639369E-4 2.2499287576731026E-7
2.776110156224469E-4 2.2283018910327273E-7
2.727187214671251E-4 2.1672395001848293E-7
2.752805094318884E-4 2.235205890990856E-7
2.746860559257998E-4 2.1788118162713164E-7
2.7393472627602E-4 2.1126652160739122E-7
2.7269478695168337E-4 2.0649904812678176E-7
2.751451438520805E-4 1.983612905494733E-7
2.73690152995572E-4 1.9305652904913815E-7
2.7235543055779304E-4 1.97291418396872E-7
2.73526135266907E-4 1.888418506839162E-7
2.741422332106161E-4 1.9122468049909862E-7
2.739298273492167E-4 1.7474783736685673E-7
2.798985118209036E-4 1.7144165616642766E-7
2.7913300040334585E-4 1.8024397091035674E-7
2.819558977368357E-4 1.839285997795305E-7
2.838573404540486E-4 1.8615405350043987E-7
2.84749122258174E-4 1.9159295987256715E-7
2.814656254165039E-4 1.9285820362678955E-7
2.8039861084768E-4 1.8457608125507704E-7
2.8073068057012324E-4 1.816407578441806E-7
2.819169915531277E-4 1.8461812788384257E-7
2.8123777438409693E-4 1.8304015990820341E-7
2.8099401206434834E-4 1.6265727197683127E-7
2.804035796562126E-4 1.6123002463674252E-7
2.767936446873157E-4 1.6117987937604346E-7
2.7531798347683997E-4 1.5234682450219718E-7
2.7380687950739077E-4 1.5265834281686768E-7
2.7616962228132157E-4 1.6420238089950135E-7
2.7823467417837765E-4 1.718504471909707E-7
2.7783353155311837E-4 1.783463061842268E-7
2.7748156044595613E-4 1.732880753811222E-7
2.8070171362943274E-4 1.815596771741841E-7
2.8033296837181297E-4 1.7671291964585023E-7
2.794858995108265E-4 1.6281327874154817E-7
2.7843013539882884E-4 1.5803304668436094E-7
2.818960384612623E-4 1.6656887109524088E-7
2.8172471650212826E-4 1.5817281164754078E-7
2.8178501445406967E-4 1.5094771529863002E-7
2.8579525108516843E-4 1.4506101050431951E-7
2.855627303027236E-4 1.5941227869670617E-7
2.834549280887113E-4 1.5375866156045712E-7
2.7927500155233644E-4 1.4911979444324683E-7
2.817651935547351E-4 1.452634256653341E-7
2.8103243392720945E-4 1.414171409495061E-7
2.84519244585678E-4 1.4051194022450807E-7
2.8407779586706126E-4 1.4648671260830123E-7
2.813598889424974E-4 1.4733702772674157E-7
2.8024953191044114E-4 1.4719301322433753E-7
2.790040326267996E-4 1.5123922172706873E-7
2.767911220729473E-4 1.5038369914764687E-7
2.770696940230115E-4 1.4842915982710028E-7
2.7800963426594203E-4 1.5485515857117905E-7
2.748864811950198E-4 1.596874632683217E-7
2.7213615844525493E-4 1.536780332453568E-7
2.69686959272499E-4 1.477403032381421E-7
2.718229861366253E-4 1.492525167042305E-7
2.74895309419682E-4 1.5356281718875177E-7
2.72657474723223E-4 1.4997067831551213E-7
2.710268856756907E-4 1.4837203667103467E-7
2.690809023189371E-4 1.431210294373624E-7
2.66786899917379E-4 1.4580028080666982E-7
2.701239950739073E-4 1.3711374128153904E-7
2.6704850739982646E-4 1.3467768258001078E-7
2.66928491256922E-4 1.3944012979370807E-7
2.671838007191129E-4 1.4374677755011884E-7
2.688403529206868E-4 1.5615863890323906E-7
2.684625342946898E-4 1.5052925267147721E-7
2.6848331581271726E-4 1.5242945615880738E-7
2.6718804738063025E-4 1.5316587192370303E-7
2.65429399209924E-4 1.5938497090150057E-7
2.661095872270047E-4 1.5815644099907873E-7
2.63898768854082E-4 1.6036741346389584E-7
2.6377938279137836E-4 1.5419854038416453E-7
2.680185292223082E-4 1.5147294725887652E-7
2.6353940360119557E-4 1.4716573247065877E-7
2.6255275677592E-4 1.4535844679459796E-7
2.603947216952748E-4 1.4216243568153657E-7
2.617400709176849E-4 1.3867429669432474E-7
2.6155093352820183E-4 1.4759382170315128E-7
2.618637676351115E-4 1.5208210326064705E-7
2.6329857562963556E-4 1.5033429131112118E-7
2.6246925504933764E-4 1.5193019499088394E-7
2.622152252411301E-4 1.6046383788721237E-7
2.62892486731316E-4 1.5808921239487115E-7
2.5978543396470413E-4 1.6302370493824524E-7
2.608753952870139E-4 1.661900074481076E-7
2.6148509653523705E-4 1.610378976468337E-7
2.6413951042979624E-4 1.6635476791530606E-7
2.6511598619039433E-4 1.702320298945317E-7
2.6753292316074925E-4 1.7232548080696334E-7
2.68147351286098E-4 1.7352773425861624E-7
2.668785349892927E-4 1.691758547297086E-7
2.662451207901973E-4 1.7544128564959358E-7
2.657897759870036E-4 1.8246726728375043E-7
2.6609761459095904E-4 1.8327719272877345E-7
2.6483866551230703E-4 1.8066922129684934E-7
2.670706411500596E-4 1.7652168749610585E-7
2.6441923129541013E-4 1.7808129167903332E-7
2.660065895534323E-4 1.7663251900083946E-7
2.658810973403793E-4 1.6969004098035394E-7
2.610569243968428E-4 1.717827253022185E-7
2.613569333805439E-4 1.685983918056657E-7
2.641027562275283E-4 1.6616266446410404E-7
2.626471026363564E-4 1.5559314653561213E-7
2.624565226683433E-4 1.5679524202730943E-7
2.6275693430433426E-4 1.6041990903316165E-7
2.605010133641945E-4 1.6358821851966048E-7
2.598803712326772E-4 1.692737971416069E-7
2.6049198352356853E-4 1.733696012294435E-7
2.5806508306443015E-4 1.6811491929223795E-7
2.543906141759374E-4 1.669348244582992E-7
2.5339407338446354E-4 1.6332331931377762E-7
2.535829261175171E-4 1.6254393799728067E-7
2.542199337749987E-4 1.6547432825678269E-7
2.5306484363328595E-4 1.5986928860812002E-7
2.5121420484537876E-4 1.522197780480568E-7
2.508126195657433E-4 1.5705127854264258E-7
2.4665957902498213E-4 1.6374245476037625E-7
2.442339835427242E-4 1.6613488471620098E-7
2.4299075599958997E-4 1.593697030240367E-7
2.440420912943013E-4 1.4511116843544562E-7
2.412288747670649E-4 1.4922409607273423E-7
2.4027699911676576E-4 1.5715073913116399E-7
2.3981874210504163E-4 1.5496959209148297E-7
2.4096592393230544E-4 1.518915518975404E-7
2.3978983748595278E-4 1.5059699731068734E-7
2.4364147619441003E-4 1.5491073018345268E-7
2.442031911632246E-4 1.63015345436427E-7
2.4374193235986337E-4 1.5740271089140673E-7
2.4566103900121935E-4 1.4731952528962666E-7
2.455461943964044E-4 1.4503985232213216E-7
2.4468748288351675E-4 1.4051613385430615E-7
2.4265232159251097E-4 1.3613067930495586E-7
2.4134252811219815E-4 1.4078296034576352E-7
2.385507910345762E-4 1.3961684612197848E-7
2.3929539634676698E-4 1.430330375284101E-7
2.3776817083276858E-4 1.4090133491385937E-7
2.358014894001209E-4 1.435719942603013E-7
2.3679866291656418E-4 1.432193682242576E-7
2.378117298598259E-4 1.4400715591517382E-7
2.347793520044968E-4 1.4314894120178774E-7
2.3461346190931684E-4 1.4881131712847587E-7
2.366143898538842E-4 1.570853488857605E-7
2.3527375821176804E-4 1.5419835037383745E-7
2.34884485940131E-4 1.533826907285362E-7
2.3641478687686835E-4 1.5219166048410202E-7
2.362925651002637E-4 1.5366620014290643E-7
2.3590289602131646E-4 1.584495552388611E-7
2.362998187661954E-4 1.5542715723977E-7
2.3631254689700763E-4 1.5226149260026586E-7
2.3382894863656942E-4 1.3822563559042996E-7
2.320501940235117E-4 1.4580206489014377E-7
2.319609101534085E-4 1.4530283538380368E-7
2.308900638115991E-4 1.53726238702012E-7
2.3301862049673503E-4 1.3701455614830148E-7
2.3102783488696606E-4 1.4890898960554286E-7
2.327984260149618E-4 1.5076786193996314E-7
2.3070012282664385E-4 1.4843008929532684E-7
2.26928068842155E-4 1.4701445016214004E-7
2.2782123483506872E-4 1.4978493438124065E-7
2.253711260528609E-4 1.493846056715444E-7
2.2398778309074658E-4 1.4293491950710007E-7
2.220599822998873E-4 1.2759529421482908E-7
2.2129359695659896E-4 1.4170892266788783E-7
2.2179837431704507E-4 1.527884902183092E-7
2.2431097110463022E-4 1.517232609055382E-7
2.2412673919236536E-4 1.5557173739941596E-7
2.228198667094571E-4 1.462395439770156E-7
2.2106142704473946E-4 1.526336453373258E-7
2.2107631219479666E-4 1.5756952076396904E-7
2.2025987200410108E-4 1.606364229598357E-7
2.2094315356015258E-4 1.6411162739903614E-7
2.2166069725980896E-4 1.6260299364359945E-7
2.216921623973536E-4 1.5985509978710347E-7
2.211297079711082E-4 1.6633751196054364E-7
2.2186054096615256E-4 1.8466979126017835E-7
2.2469332499790628E-4 1.85913468716154E-7
2.241830569790149E-4 1.8249681051410032E-7
2.2544169824402212E-4 1.867205895200616E-7
2.261513714528476E-4 1.8558582001832152E-7
2.2592086210663348E-4 1.9303671690225387E-7
2.2601481460880442E-4 1.8955478889136216E-7
2.25783221692669E-4 1.918704586855783E-7
2.2599471684821109E-4 1.929279288130059E-7
2.2532380182744627E-4 1.8230846288474405E-7
2.263870276384089E-4 1.8363859751829815E-7
2.2751972011163528E-4 1.7972984713144057E-7
2.2711302177644515E-4 1.8458668685042456E-7
2.26904527693885E-4 1.807813233840381E-7
2.2812227799193403E-4 1.8478850287403416E-7
2.286614210254296E-4 1.8986304731181313E-7
2.2851454398065997E-4 1.902207294672594E-7
2.2664282951283092E-4 1.820353769671902E-7
2.2651151970315138E-4 1.956769874028236E-7
2.2879241015553303E-4 2.0190815150826567E-7
2.2859008185711883E-4 2.0591390810979586E-7
2.2664030102223086E-4 2.0774897960647775E-7
2.2598669785673894E-4 2.0936647955217412E-7
2.2670876846201662E-4 2.0979513287354233E-7
2.2575778665199673E-4 2.1687730791737262E-7
2.252163281996931E-4 2.1228189308637187E-7
2.267151154033924E-4 2.0831083101687225E-7
2.262774911135232E-4 2.0248364888744166E-7
2.2547053567713055E-4 1.994749373414106E-7
2.268730885557498E-4 2.0019410742554524E-7
2.2710089000577464E-4 2.007235078514268E-7
2.2768860937176754E-4 1.99935630966586E-7
2.271561135042217E-4 2.0248321787811458E-7
2.2652243583113154E-4 1.9008647875192424E-7
2.2613954859797964E-4 1.8106651996200077E-7
2.261719075090764E-4 1.7950746147107102E-7
2.2815217725730282E-4 1.8716188648952798E-7
2.2998137083422333E-4 1.873976715428141E-7
2.3162354471811992E-4 1.8956904249227267E-7
2.2891630087418095E-4 1.9791076526666908E-7
2.282195402934365E-4 1.9161680289017462E-7
2.2797265860748442E-4 1.9217237642931377E-7
2.2757003330430893E-4 1.957231131821739E-7
2.2707681506901802E-4 1.9880227477133626E-7
2.2660552587498077E-4 2.055139680826821E-7
2.2765589465719392E-4 1.9931465853112646E-7
2.2701949766537296E-4 2.0416124091693317E-7
2.2790030571749587E-4 2.0740335457624753E-7
2.2887454032335995E-4 2.046145273618046E-7
2.2885049040182186E-4 2.041141765933983E-7
2.2836025316213334E-4 1.996073148460934E-7
2.300638656528264E-4 2.0521035151831738E-7
2.2879912715927163E-4 1.9958561497024265E-7
2.2665631781890487E-4 2.0182481731880207E-7
2.2453537658867657E-4 1.953210064383436E-7
2.24349386738941E-4 1.9297776695819302E-7
2.2251068089385777E-4 1.9251616656612108E-7
2.2239612263800037E-4 1.9111815314976543E-7
2.2122217517334835E-4 1.9061378429575124E-7
2.195497154050079E-4 1.91958496104425E-7
2.190098466981976E-4 1.951009353232851E-7
2.1788827624730916E-4 2.0106007793919224E-7
2.1928671255421275E-4 2.0637003727397947E-7
2.1743452452517695E-4 2.1069200104270364E-7
2.1733011422573028E-4 2.0211287106900008E-7
2.1769176242289543E-4 1.9114832077468755E-7
2.1875356709114306E-4 1.94475904349957E-7
2.169877079839027E-4 1.8904023818751178E-7
2.170382870744559E-4 1.8827200362317627E-7
2.1638803282414865E-4 1.961081433118336E-7
2.1707712743025654E-4 1.935747983208006E-7
2.17062075419403E-4 1.923761318732613E-7
2.158416709645305E-4 1.9655978354054875E-7
2.164233054680394E-4 2.0248884567411398E-7
2.1904289064067278E-4 2.0281223838968144E-7
2.209435360280036E-4 2.0780269184997264E-7
2.192784396275538E-4 2.028517518735834E-7
2.1937597089903495E-4 2.0384562636956448E-7
2.174496940121845E-4 2.0456900368938743E-7
2.1738219089549832E-4 1.9702176675797034E-7
2.1762540502527172E-4 2.0181398253751485E-7
2.146366966782028E-4 2.002176605483288E-7
2.1418094928626343E-4 1.9140574548147594E-7
2.1330097980163775E-4 1.9278356097927825E-7
2.140220759144014E-4 1.9511468444018137E-7
2.1475700642954005E-4 1.960416893094307E-7
2.131669630753716E-4 1.896663503687509E-7
2.1179832521409894E-4 1.897324693860556E-7
2.1178605897432005E-4 1.952239449837397E-7
2.102888104071524E-4 1.9946548685048366E-7
2.1069880839696855E-4 1.981733772769183E-7
2.1111259816979284E-4 1.9127611492395343E-7
2.1071959135436093E-4 1.9328115725938993E-7
2.1296181864690993E-4 1.952160647660279E-7
2.137527770794921E-4 1.9767535255771633E-7
2.1411286126643645E-4 1.922576184947613E-7
2.1358992273891916E-4 1.900140263303595E-7
2.128791191203744E-4 1.8788467176584687E-7
2.1443430227799148E-4 1.8225201533706494E-7
2.158402124770091E-4 1.8302557925194775E-7
2.1531740713305028E-4 1.77846680132975E-7
2.1289333858018334E-4 1.7617518517318455E-7
2.111875528428513E-4 1.7655947178697934E-7
2.1034981304386506E-4 1.651642664513486E-7
2.1305147356799246E-4 1.6756348438775812E-7
2.1253017837259247E-4 1.6823818918628613E-7
2.1260040039905036E-4 1.668455671925768E-7
2.1149521624115077E-4 1.6565124699441787E-7
2.1087950253877424E-4 1.6476315590703333E-7
2.101898628171831E-4 1.6216392791172088E-7
2.077818993537784E-4 1.5686229029091806E-7
2.0820703993376926E-4 1.5600719289272837E-7
2.0749303305092788E-4 1.5482952427268927E-7
2.0670795206099188E-4 1.57843864726874E-7
2.057389122936702E-4 1.608738463752498E-7
2.039295354276349E-4 1.535089331983154E-7
2.045747568749297E-4 1.5567589153946083E-7
2.0236705511412437E-4 1.545688789790923E-7
2.0093650526121262E-4 1.6089964324324848E-7
1.982715256069246E-4 1.5637607733893117E-7
1.976851580894639E-4 1.6230659670577656E-7
2.0101316696534562E-4 1.6391866253514733E-7
1.998168223624429E-4 1.5854916330920174E-7
1.9964392978035167E-4 1.5819430926971141E-7
1.9899416997170097E-4 1.5967746943574407E-7
1.9917431861676143E-4 1.6608809097225891E-7
1.9683171143681242E-4 1.6643056775737645E-7
1.9506768432954317E-4 1.6136168530506536E-7
1.9243535386828615E-4 1.5817544376549374E-7
1.9188396589317925E-4 1.5522928192259806E-7
1.907838060433648E-4 1.416055774781889E-7
1.9275607736214835E-4 1.464260095000101E-7
1.9055612390532788E-4 1.456408640573915E-7
1.9279746942873382E-4 1.4837268661838863E-7
1.9040287966086325E-4 1.5219940267017178E-7
1.8993194294466686E-4 1.4972001670077005E-7
1.901512316885511E-4 1.47498825875778E-7
1.898376042924507E-4 1.505980409179588E-7
1.9211269431561307E-4 1.503824449827231E-7
1.9337673510613003E-4 1.5020937476706644E-7
1.9298902520183743E-4 1.4808040117239308E-7
1.9288775553996814E-4 1.4435843453440371E-7
1.941865346962872E-4 1.4152539597466233E-7
1.9243764418846651E-4 1.452207108126153E-7
1.907309507682576E-4 1.4838511288954164E-7
1.9059347644806435E-4 1.548720140535074E-7
1.9221974358838562E-4 1.5714277882242125E-7
1.9111674700616023E-4 1.558571676204057E-7
1.9062935575599204E-4 1.495015855997232E-7
1.9288009847344824E-4 1.489764868421839E-7
1.9257293217378913E-4 1.4028542544335327E-7
1.930908286018355E-4 1.4241350658022707E-7
1.9439328470764045E-4 1.392973708113111E-7
1.9313120146145736E-4 1.338396809806103E-7
1.9317944373293237E-4 1.4167534521375012E-7
1.917845912519226E-4 1.4543212328566702E-7
1.9157662606172085E-4 1.4416860792402695E-7
1.9108673685699201E-4 1.430937520326825E-7
1.8856311924431157E-4 1.3478427196925575E-7
1.8821082083419138E-4 1.407435751827791E-7
1.8687193207709565E-4 1.3523803192468765E-7
1.8772230534852379E-4 1.2988725552195383E-7
1.8737750549152686E-4 1.3482496145997974E-7
1.8870179727790114E-4 1.3360036623972783E-7
1.8802862097960977E-4 1.333649219017178E-7
1.8691100264789655E-4 1.2766632548519253E-7
1.898925101411885E-4 1.28011470082062E-7
1.8978066180196844E-4 1.338093185994355E-7
1.8785776709018666E-4 1.323046658625979E-7
1.8764096202537753E-4 1.2783572052772085E-7
1.8733431139189257E-4 1.266870293232416E-7
1.8534094036239807E-4 1.337920360881573E-7
1.8483877987399882E-4 1.300279961718824E-7
1.8476795253852772E-4 1.255982554247627E-7
1.8319324177807912E-4 1.2920154278810598E-7
1.828475455335454E-4 1.3574871141827378E-7
1.8184970550057754E-4 1.401287930750093E-7
1.81810912707759E-4 1.3464987779957362E-7
1.816305669222791E-4 1.365471895613146E-7
1.8278039731997793E-4 1.4247540847425847E-7
1.8417972330761403E-4 1.4051357536808026E-7
1.8328394994568517E-4 1.4057897173922601E-7
1.814385996612457E-4 1.3971425614842786E-7
1.8124070777256044E-4 1.4048721807462337E-7
1.8087617194947642E-4 1.3918022799310614E-7
1.8065973019996495E-4 1.3592002424774914E-7
1.8083447660251965E-4 1.3433766993892828E-7
1.808704805570144E-4 1.3094709308258268E-7
1.8052403400907306E-4 1.297140283473651E-7
1.7853168480638489E-4 1.2725794763214032E-7
1.7819068573613655E-4 1.273349740334837E-7
1.777219368797367E-4 1.2053483172625514E-7
1.7760606386396345E-4 1.194360425149513E-7
1.7628287605892456E-4 1.1559753453261766E-7
1.7874766696008247E-4 1.1614481445300823E-7
1.786910035738615E-4 1.1695078323264584E-7
1.7898078578616056E-4 1.0987198820213258E-7
1.7922247267433385E-4 1.0236754684398011E-7
1.7913628665486249E-4 1.0093279094865138E-7
1.791616902664388E-4 1.1090498345129327E-7
1.7956130612690243E-4 1.1099618621515379E-7
1.7941857706760462E-4 1.1649104334488501E-7
1.8010625796053832E-4 1.1217053782892986E-7
1.8070620499853203E-4 1.1178440340818666E-7
1.804884773618467E-4 1.0779304134334619E-7
1.7924150295562302E-4 1.0541230757912378E-7
1.7772188424747173E-4 1.100171094349056E-7
1.7595305581948517E-4 1.1028636924466676E-7
1.7477300535693313E-4 1.1624064989044022E-7
1.745500369890945E-4 1.1376223053606436E-7
1.757776121780384E-4 1.2013621000292457E-7
1.757464154949638E-4 1.2067102391530548E-7
1.7460128856190715E-4 1.1831331096837761E-7
1.755719765752777E-4 1.215412387960241E-7
1.7332367221821042E-4 1.2140575220947455E-7
1.748984867088174E-4 1.27724736476758E-7
1.7724801775806137E-4 1.3140600522348943E-7
1.7729263465696143E-4 1.2601387429143045E-7
1.784799073326122E-4 1.261096485281909E-7
1.8010597964535926E-4 1.2526696805668675E-7
1.7847723800067333E-4 1.332729839451075E-7
1.7684444923876511E-4 1.3115706298568038E-7
1.766287464238193E-4 1.2711488644583666E-7
1.7573280045143197E-4 1.2358636900365068E-7
1.7639073850410564E-4 1.1868247804016756E-7
1.7793955838932968E-4 1.2072847721347372E-7
1.7784933309719858E-4 1.1447608295057487E-7
1.7717625574114855E-4 1.1087436879304418E-7
1.7694947962626018E-4 1.1212678927888627E-7
1.7651057677398367E-4 1.1176896769080546E-7
1.7685257911203526E-4 1.1354100897137013E-7
1.7589460997323664E-4 1.1552265553225148E-7
1.7588538949101656E-4 1.1239966871623501E-7
1.7611822900540476E-4 1.1459117747031865E-7
1.7532222995512005E-4 1.059774086310816E-7
1.7558656414699597E-4 9.80534489022168E-8
1.7475471243273612E-4 8.529171835186392E-8
1.7375054871341105E-4 8.546020168302557E-8
1.7243473131265178E-4 8.276469949297427E-8
1.701830222865287E-4 8.170615076819119E-8
1.683980492030553E-4 8.352729773372148E-8
1.6682862679959058E-4 7.38824061722511E-8
1.6739371147658983E-4 7.022983247875021E-8
1.6688190790174816E-4 7.041061463462415E-8
1.6788294574716E-4 7.387938752114647E-8
1.6727655017838695E-4 6.618693935970572E-8
1.6924916419719415E-4 6.051188226593383E-8
1.6708874465978275E-4 6.171109343595693E-8
1.6514582633906998E-4 5.814547491052476E-8
1.666577900366166E-4 5.7003435715819405E-8
1.683259757128368E-4 6.008531890705282E-8
1.6881170347675346E-4 6.088170181380991E-8
1.6978313204235053E-4 5.698747738080382E-8
1.6807735208294698E-4 5.651429557077155E-8
1.6832446187846828E-4 5.126613715030528E-8
1.6730319682149004E-4 5.0136011961385816E-8
1.6819862346640962E-4 6.147534821219288E-8
1.6812810294367217E-4 6.606585538579683E-8
1.6965278904585248E-4 5.98076296806963E-8
1.693262854556535E-4 5.874949340725665E-8
1.683913158795319E-4 6.2689416910164E-8
1.6630965121174925E-4 6.276086629530256E-8
1.6562519414696465E-4 6.744343664866545E-8
1.6365055088519845E-4 6.818766340581123E-8
1.6445025873723445E-4 6.703290829076852E-8
1.649142150486532E-4 6.972860304359598E-8
1.6707794514415658E-4 6.797428363860018E-8
1.6547927122612127E-4 6.774098088007931E-8
1.6503918065519508E-4 7.207692995914302E-8
1.651653170749337E-4 7.135408257633556E-8
1.6493974450440551E-4 6.889404562466286E-8
1.630136188268712E-4 6.574718905546037E-8
1.6244441760401146E-4 6.852116480095136E-8
1.6226261633713968E-4 6.722583332140832E-8
1.6337020178127314E-4 6.528070301106058E-8
1.6289084849379005E-4 5.756891839406704E-8
1.63162649939384E-4 5.533780446900007E-8
1.6429781441293422E-4 6.453787762655794E-8
1.6538057747424802E-4 6.291726434705884E-8
1.6694974333820176E-4 6.465690531008039E-8
1.6885935045279985E-4 6.1685961035151E-8
1.6797616237731702E-4 6.814587735656753E-8
1.6940966011847229E-4 6.480693701036669E-8
1.6915281822936176E-4 6.069721902655478E-8
1.682226083748365E-4 6.099061787076266E-8
1.6888925079929255E-4 6.45317257050361E-8
1.6871524434890976E-4 6.850944865596331E-8
1.6840196366521294E-4 6.748736403396104E-8
1.6850559416498588E-4 6.37976781238129E-8
1.6864554550006757E-4 7.037788585820227E-8
1.7024157021730795E-4 6.432116860414041E-8
1.7033443147823288E-4 7.474611401796694E-8
1.709234541855698E-4 7.869529887510391E-8
1.7267254693852064E-4 7.497494378827806E-8
1.739436106954664E-4 7.789156481215724E-8
1.7499916140414418E-4 7.946728959959013E-8
1.735290442146575E-4 7.511560368259366E-8
1.7227843954262744E-4 7.910278564119468E-8
1.7272603950098918E-4 8.770211776692224E-8
1.7312533463372773E-4 8.98663733548514E-8
1.7273810131680973E-4 8.488254980405866E-8
1.7281186376305786E-4 8.278430321808451E-8
1.7392467099231824E-4 8.16175095073491E-8
1.739784274904922E-4 8.04708397580099E-8
1.721375151895482E-4 8.281373037493566E-8
1.7136986544549922E-4 8.155907053235614E-8
1.728971881204608E-4 8.12313654101015E-8
1.7379582103320336E-4 8.280677167740144E-8
1.7501416428903867E-4 8.897820350881877E-8
1.741929806597976E-4 9.439779468676726E-8
1.7301787044109575E-4 9.420514758542515E-8
1.7370209422406548E-4 9.552987906679008E-8
1.7409913290721826E-4 9.97396976406165E-8
1.7400016868932488E-4 9.801051902306925E-8
1.742751758534864E-4 9.405026451748597E-8
1.7456765995864962E-4 9.375069305569202E-8
1.7535694922772224E-4 9.742650765732618E-8
1.7695844626831013E-4 9.832872271434373E-8
1.7682174638200207E-4 1.0423934764522343E-7
1.764154534093079E-4 9.774245901599611E-8
1.7930235405546268E-4 1.0163601785135928E-7
1.7892264796939665E-4 1.016541213181508E-7
1.795370296528415E-4 1.0054463680139297E-7
1.800548616632963E-4 1.0567819143539683E-7
1.8050972405522976E-4 1.0201201873448452E-7
1.7772279934185568E-4 1.0499351427437412E-7
1.7760591480980728E-4 1.0338541637169179E-7
1.769006459604093E-4 9.996182215598503E-8
1.7604766857936356E-4 9.517245667618935E-8
1.7540577099982258E-4 9.496436363750531E-8
1.7718740169981088E-4 9.26940136392805E-8
1.7553655419534273E-4 9.490452439948237E-8
1.7553988368357515E-4 9.847837608075729E-8
1.7642779937698133E-4 9.782482782269737E-8
1.7756840392886986E-4 9.469106610215271E-8
1.7841438062695043E-4 1.0009815094569997E-7
1.7861238774491796E-4 9.838318942397608E-8
1.7816555220651542E-4 9.78555963719252E-8
1.7725152558697424E-4 9.245302919147703E-8
1.772433255041049E-4 9.129562470340378E-8
1.7969603870845465E-4 9.285625238690401E-8
1.798264702233478E-4 9.133030165780663E-8
1.7910846691093242E-4 9.408580203703443E-8
1.788169531989069E-4 8.357042675810763E-8
1.7853209694945033E-4 8.724188124307683E-8
1.753311359765381E-4 8.44605925300461E-8
1.7536004210691426E-4 8.003389340827506E-8
1.7487635182485345E-4 7.920959679501549E-8
1.7465041517747794E-4 7.467158676429514E-8
1.7648149120515926E-4 7.224203305523442E-8
1.768945164831808E-4 7.128600282107594E-8
1.7692943251951428E-4 6.940498561967438E-8
1.788754741608151E-4 6.978028523626047E-8
1.781396992705153E-4 7.045169624620676E-8
1.777708086097324E-4 6.95350293043032E-8
1.79740047358563E-4 7.027526766163538E-8
1.7916111993347423E-4 6.59823213844797E-8
1.7925738760526185E-4 6.093074811448144E-8
1.7889324430079244E-4 6.11893049699117E-8
1.7914371828491222E-4 6.090898028219378E-8
1.779295165235692E-4 6.002163424329558E-8
1.7747058595881748E-4 6.600332597740146E-8
1.7583895309311278E-4 6.59451230318662E-8
1.7606668612797714E-4 6.439791411851645E-8
1.7776452652086745E-4 5.970433085368456E-8
1.769734021568834E-4 5.740387777817516E-8
1.769895007219587E-4 5.8561823372917966E-8
1.7539083361151335E-4 6.237602106886947E-8
1.774435992441362E-4 6.778818045241418E-8
1.7790271748055323E-4 6.990028478150027E-8
1.801750086483768E-4 7.002879457264024E-8
1.792698194301391E-4 6.81439817667965E-8
1.7978129313781345E-4 6.729369404275692E-8
1.793158903483341E-4 6.343842594028285E-8
1.798528198179608E-4 6.348577928958583E-8
1.8107201299289333E-4 6.380748956393896E-8
1.8173631480014087E-4 6.716222156143804E-8
1.803288248569577E-4 6.921019612552207E-8
1.8179297540393336E-4 6.868819137046078E-8
1.8123995905892888E-4 6.915871317398031E-8
1.8318794687133093E-4 7.437817797219351E-8
1.828773756118524E-4 7.465573329585478E-8
1.8277273593432335E-4 7.674106959605989E-8
1.805698277721618E-4 7.420387378555618E-8
1.8173705481428686E-4 7.659288668934597E-8
1.8189758093620353E-4 7.530212630374033E-8
1.8071388636176924E-4 7.1819677792966E-8
1.799626310212218E-4 7.802823017668181E-8
1.8058034603178359E-4 7.881081725436966E-8
1.8068679192109781E-4 7.428184793714643E-8
1.8087101665883413E-4 7.4235438601828E-8
1.8074371414303846E-4 7.002198676707991E-8
1.8021144033457306E-4 6.821861716184229E-8
1.8024355076472957E-4 7.091694492844476E-8
1.7933764710839162E-4 6.541456286270341E-8
1.8023380634173082E-4 6.757048897596289E-8
1.79685432276515E-4 6.663515976624939E-8
1.782216604037136E-4 6.468962504611962E-8
1.7602069784996026E-4 5.939440325113419E-8
1.7635244357294244E-4 6.471324059607842E-8
1.7563060297097737E-4 5.966165721115152E-8
1.7553395930940173E-4 5.966050556990984E-8
1.756606659582394E-4 6.770463729263801E-8
1.781129248282794E-4 6.570011013873366E-8
1.795074571967017E-4 6.740489810205748E-8
1.7934982943197924E-4 6.578909692989533E-8
1.80450000149055E-4 7.279928055119769E-8
1.800565828988332E-4 7.606755362673867E-8
1.807757767136425E-4 7.060339678944047E-8
1.8133776132080702E-4 6.929079479141992E-8
1.8098588300159517E-4 7.637709096055265E-8
1.8137685440416343E-4 7.346070077144751E-8
1.8046113809993506E-4 7.623262827522853E-8
1.8106633212233952E-4 7.130548525903025E-8
1.794216230551561E-4 7.12788340541192E-8
1.789930050511933E-4 7.640756912672677E-8
1.789760466815414E-4 7.644354859774334E-8
1.7864999476616583E-4 7.574885575628337E-8
1.7690276301788265E-4 7.777636381579801E-8
1.7728607277670504E-4 7.787754216053962E-8
1.7679785186941195E-4 7.65040849858947E-8
1.7716276531674294E-4 7.915549499564714E-8
1.761700912831989E-4 8.069457283587088E-8
1.7697528330550515E-4 8.099159499446194E-8
1.7625260602905182E-4 7.382242331775907E-8
1.7594477705019343E-4 7.65833672617956E-8
1.7668564235094034E-4 7.427705908204973E-8
1.7665647340691986E-4 7.307837333893048E-8
1.7611270988966655E-4 7.20461686572985E-8
1.7485089970722544E-4 7.068642581783594E-8
1.740170575053497E-4 7.283095582683388E-8
1.7202770425712316E-4 7.319781965476517E-8
1.714573841698464E-4 7.610888729194827E-8
1.7040245716568123E-4 7.066522738159362E-8
1.6977035618059378E-4 7.604917719985295E-8
1.7078370629354934E-4 7.264493715302138E-8
1.695488641031078E-4 7.554769354182036E-8
1.673153358235593E-4 7.914944806047098E-8
1.670364417795412E-4 8.176517987171613E-8
1.6731360485995952E-4 8.298878150893779E-8
1.6808358739530402E-4 8.262752310059772E-8
1.6792890725217814E-4 8.171234139606941E-8
1.691050037544707E-4 8.003263688741386E-8
1.6913114941053233E-4 8.21983165061175E-8
1.6858643293216145E-4 7.80312541354643E-8
1.6928048650365199E-4 8.154470195553218E-8
1.6862751312129401E-4 7.96914006291426E-8
1.6776903236498852E-4 7.90909487928258E-8
1.691709195257296E-4 7.75017949256656E-8
1.6718006350308285E-4 8.429603243425112E-8
1.6645609200871753E-4 8.707909538535304E-8
1.675817733314632E-4 8.357746457495656E-8
1.6536586244424785E-4 8.399537874573493E-8
1.6498877612404635E-4 8.353987055766799E-8
1.6523370843694678E-4 8.452248350141823E-8
1.6598705895323686E-4 8.35508050758989E-8
1.6609513363665426E-4 8.46287232928914E-8
1.647126451360349E-4 8.056426000415138E-8
1.65417408264489E-4 7.908234678530535E-8
1.6473295104095184E-4 7.655667789178224E-8
1.644106828672335E-4 7.57070074128486E-8
1.6630230417897021E-4 7.389452738872332E-8
1.6676254737604205E-4 8.02411260107319E-8
1.675391590872905E-4 8.065811189116772E-8
1.6770660170920579E-4 7.118251867782431E-8
1.6714869996543391E-4 7.35440075165354E-8
1.6785948777045805E-4 7.819131961914541E-8
1.6714942130023895E-4 7.768074500992219E-8
1.6846339711284357E-4 7.491696984267406E-8
1.6660237163981133E-4 7.16460935348671E-8
1.6603769136926572E-4 7.438170983937504E-8
1.6466352569021673E-4 7.601276520027102E-8
1.6558287873378154E-4 7.231789510662317E-8
1.6528183422388396E-4 7.587525660055611E-8
1.6359387150057675E-4 8.175115685672138E-8
1.634349098956386E-4 8.730048294800673E-8
1.6374768644923426E-4 8.096989595734322E-8
1.636392833690585E-4 7.574436663158776E-8
1.6208878447087564E-4 7.52713887360978E-8
1.6220415746986418E-4 7.368905261798711E-8
1.630961735340987E-4 7.317071421725533E-8
1.6287886498148692E-4 6.690514238971262E-8
1.6153103589801082E-4 6.930393239338813E-8
1.61755169547819E-4 6.12003239590115E-8
1.5950925906557136E-4 5.9539125004026336E-8
1.5895537085955586E-4 5.825925712229276E-8
1.6071660804892055E-4 5.619238521673307E-8
1.5976988054144665E-4 5.395508185217511E-8
1.5993997856069363E-4 5.7376806167773096E-8
1.6017256718524895E-4 5.145802786952141E-8
1.5904610525976502E-4 4.400616976836535E-8
1.5925418300181623E-4 4.9549816495607856E-8
1.5668343662724143E-4 4.856635352939228E-8
1.5572482089754622E-4 4.2937866848653296E-8
1.5591820874612575E-4 4.2791936657741634E-8
1.5726041872837608E-4 4.153330428756011E-8
1.562449079602642E-4 4.516352062858042E-8
1.5689461648525703E-4 4.110321325702116E-8
1.5748910257711263E-4 3.729900630553457E-8
1.5707673956154007E-4 3.135900414565258E-8
1.559847675130071E-4 3.126883486685039E-8
1.5586680284048707E-4 2.5419729679060062E-8
1.5449281285967475E-4 1.703692703796891E-8
1.541685333484008E-4 1.719093782714384E-8
1.543424568157941E-4 2.3106964221398423E-8
1.5228716546949355E-4 2.1217736541428403E-8
1.5312371134523436E-4 2.3219072663028368E-8
1.545174704227798E-4 2.1425694696044822E-8
1.5390137631286446E-4 1.9572754831139903E-8
1.541683851619426E-4 1.8343183109533162E-8
1.5253982600742949E-4 2.6326716605622625E-8
1.532595227390404E-4 2.188633041821735E-8
1.5359963616905204E-4 2.586082224677078E-8
1.5607946036682338E-4 2.7972762638389746E-8
1.5714755490050083E-4 3.292704773711486E-8
1.5753885862784865E-4 2.784548593613034E-8
1.5755731511434023E-4 3.0244948827014317E-8
1.5675484564079756E-4 2.6190916729707382E-8
1.565175101136049E-4 1.774801426565045E-8
1.5505036236374372E-4 2.0935327997314397E-8
1.541352987603833E-4 2.4872677318305936E-8
1.535888565110735E-4 2.6834925094715073E-8
1.554376647505914E-4 2.719525578700094E-8
1.5577982647999912E-4 2.6679233618361628E-8
1.5600278936170927E-4 2.8497887030534143E-8
1.5722857945851387E-4 2.781288772492449E-8
1.5650466339015034E-4 2.4031517889953782E-8
1.558396901921509E-4 2.3028844567335525E-8
1.5604628010056445E-4 1.8888681908862818E-8
1.5599511331877735E-4 1.6223229486552913E-8
1.564121666648296E-4 1.657367139782837E-8
1.571991486199046E-4 2.149220332716003E-8
1.578550936030815E-4 1.632642198128362E-8
1.5888467777696756E-4 1.3288766641140896E-8
1.582200595648919E-4 1.710144314689548E-8
1.5810933552127474E-4 1.5758762650284173E-8
1.590109888187851E-4 1.7950436394188665E-8
1.5810065772594879E-4 1.9576085631165072E-8
1.5687675125410755E-4 1.5254294056954595E-8
1.5792770686538045E-4 1.6362937489646965E-8
1.5780074908254365E-4 1.26112113871794E-8
1.5924416242091256E-4 1.6223739514736608E-8
1.5973747602196638E-4 1.7662986737046612E-8
1.5914920641052672E-4 1.4827289301920282E-8
1.6028143989156953E-4 9.451743288182253E-9
1.5998243835168267E-4 1.2693281597656687E-8
1.5938810936679286E-4 1.1862867157306643E-8
1.597679328240592E-4 1.6730189231732454E-8
1.5960555461561673E-4 2.1379427866227067E-8
1.5903983151893675E-4 2.2627094610045654E-8
1.5849996378389242E-4 1.9922277051828924E-8
1.5831950125917748E-4 2.2284319376765505E-8
1.5814666032377001E-4 1.6767553868094344E-8
1.586084541997082E-4 1.5968426237469033E-8
1.5800207743653697E-4 1.1681699670390187E-8
1.575974347130996E-4 1.2915837294977608E-8
1.5942956120521955E-4 1.1024785706077343E-8
1.6044101840079086E-4 7.020441343945382E-9
1.605438549684053E-4 1.2679085060508799E-8
1.6118711417989408E-4 1.1421494087181553E-8
1.6167289898648721E-4 1.612593961918099E-8
1.6181973546577498E-4 1.1246077274995343E-8
1.617388137478608E-4 9.797637136854372E-9
1.613848175768916E-4 1.126542371418667E-8
1.6036940660891315E-4 1.4284418481940603E-8
1.609520962590936E-4 1.4269616359772921E-8
1.611918908543265E-4 1.4687350778132009E-8
1.5973262816048662E-4 5.774569179016584E-9
1.6035622313253866E-4 7.418810018046428E-9
1.5754772958886248E-4 7.3938415606368394E-9
1.5909218434833358E-4 8.053090535931995E-9
1.5762483181742796E-4 2.9741780305591963E-9
1.5971316721384197E-4 3.813768238897003E-9
1.6008211032156924E-4 5.873877563001857E-10
1.5954367019002528E-4 9.47685093970191E-9
1.5850801290604377E-4 8.378557598934277E-9
1.590984623011432E-4 1.076270655171914E-8
1.5898950137811243E-4 1.2447899716474132E-8
1.588676383270358E-4 7.444609789674056E-9
1.584851127782959E-4 8.449782502554127E-9
1.582227680825036E-4 9.675181522175226E-9
1.568513380696869E-4 7.769266469150645E-9
1.5734956205847755E-4 1.0365458636716143E-8
1.565520431893784E-4 4.554841656873954E-9
1.576444534250182E-4 6.2068209050536514E-9
1.589665133139743E-4 1.3068405010213929E-8
1.5905648001896368E-4 1.171100664800449E-8
1.5871520327511953E-4 1.2722591555979932E-8
1.5972799758131868E-4 6.606705420169148E-9
1.6066448454684853E-4 6.71001138444991E-9
1.6036353070683098E-4 6.3729774011338095E-9
1.596678727411343E-4 4.716675329625162E-9
1.5742977966611232E-4 7.765937185314452E-10
1.5806668518050587E-4 4.080817651977214E-9
1.5943740915563386E-4 4.0438688401827575E-9
1.594137620942607E-4 6.0836613153628116E-9
1.587702740447548E-4 3.794742208383293E-9
1.6027266609881265E-4 3.5974037334088327E-9
1.589019120635805E-4 2.685849225723914E-9
1.6083745180117865E-4 5.781065908847124E-9
1.6123760334504997E-4 6.306854200502788E-9
1.6185842633318866E-4 3.656595392720742E-9
1.6285998207533968E-4 6.366515640042058E-9
1.6163454867320064E-4 8.112756544028168E-9
1.624114409148604E-4 1.517703770429255E-8
1.618275394011686E-4 2.13602332002627E-8
1.6077341451797551E-4 2.618507517698163E-8
1.6151538760221192E-4 2.6941472910058334E-8
1.6059841519222584E-4 2.8363751394450457E-8
1.6050234288804963E-4 2.972618829081143E-8
1.6166998613195997E-4 3.3171674778110203E-8
1.608287037388528E-4 3.574446585293949E-8
1.6040560503249987E-4 3.6072712027145363E-8
1.6020921769093008E-4 3.148772442397173E-8
1.6000049182804258E-4 3.333454206670163E-8
1.5925351968564298E-4 3.701155692079831E-8
1.5843816756730216E-4 3.8087975332126494E-8
1.5881012938388057E-4 3.953766098359671E-8
1.5877935165836438E-4 4.144628207530896E-8
1.5705185362966257E-4 4.0733023976891915E-8
1.5631650845633453E-4 4.020767851118116E-8
1.5668049338205025E-4 3.7958236606294336E-8
1.5549027969710715E-4 3.503664093843417E-8
1.5573988865673002E-4 3.361173639220526E-8
1.55740254297978E-4 3.7711531932901E-8
1.5690477809398456E-4 3.585668214727461E-8
1.5813065857906274E-4 3.7900979230065523E-8
1.5787241568048134E-4 3.5575982721847024E-8
1.5821853403913974E-4 3.3955087594675826E-8
1.598934607077386E-4 2.7818073722429945E-8
1.5977634677291402E-4 2.847628957434984E-8
1.5978464490116486E-4 2.663471725192489E-8
1.612777161796293E-4 2.836311695101815E-8
1.6191107408595389E-4 2.9376210034190464E-8
1.613609524113549E-4 3.494846188398964E-8
1.6187309772133915E-4 3.7081055348332586E-8
1.6347657769646387E-4 3.7773350696239036E-8
1.6385374935903472E-4 3.9858646301762634E-8
1.6214332396894153E-4 4.720043518616359E-8
1.6319013121793844E-4 4.4290969954559865E-8
1.6274006101605167E-4 4.503355411695402E-8
1.6199614148993324E-4 4.3008822924513884E-8
1.6217337880512642E-4 4.4162416413151724E-8
1.620477442512043E-4 4.03556929386373E-8
1.6254768497953986E-4 4.225993794592769E-8
1.629139234611977E-4 3.819051721170246E-8
1.6248588975930028E-4 3.954222217622717E-8
1.6270179072007537E-4 4.196616388696118E-8
1.6385644321869795E-4 4.860948677115547E-8
1.6404067528683313E-4 4.7143331171348515E-8
1.6443969068298861E-4 4.659582039212817E-8
1.6384099776302276E-4 4.9023018254043115E-8
1.6514796977548033E-4 4.4192937175935136E-8
1.6424596019271932E-4 4.40566080108152E-8
1.6312613498700268E-4 4.262622718025007E-8
1.6342082281217598E-4 4.306748579809748E-8
1.6512159854808073E-4 4.747014506400137E-8
1.6470642787844625E-4 4.399042204436516E-8
1.6407411573794348E-4 4.106237859111806E-8
1.6523275752580464E-4 4.004515822861012E-8
1.656819589003298E-4 3.7557804529779405E-8
1.6727898066054732E-4 4.05214599069655E-8
1.658237969079147E-4 4.296346446096028E-8
1.658494184568263E-4 4.28567681641295E-8
1.6648069318366768E-4 4.4022177210624274E-8
1.66746132361655E-4 4.283934746112002E-8
1.675385276577911E-4 3.832160877197116E-8
1.6694552772920262E-4 3.96272013978644E-8
1.659885205214386E-4 3.874221563050388E-8
1.6651558429073092E-4 4.39192880544856E-8
1.652706919764757E-4 4.389600406964477E-8
1.6540401518956745E-4 3.972596027024158E-8
1.6420887429688294E-4 3.636778054896692E-8
1.6386190581386744E-4 3.5362596757573523E-8
1.6536438132513562E-4 3.209476748884161E-8
1.65681679758281E-4 3.371694178517978E-8
1.6581171017499377E-4 3.7209686334979534E-8
1.6688644658250837E-4 4.0767287427089384E-8
1.661900262175328E-4 4.188211913019787E-8
1.6642632640029363E-4 4.489227269137636E-8
1.6503641517347722E-4 4.3332721248955347E-8
1.6302710108630875E-4 4.1194391119129474E-8
1.6241053252233427E-4 3.7870351584260256E-8
1.6172538950877467E-4 3.524099479066073E-8
1.6013763503964172E-4 3.505778297295482E-8
1.5838901737910737E-4 3.837810955939795E-8
1.5842443734169324E-4 3.445772639236558E-8
1.577040542070408E-4 3.4041175980038276E-8
1.5773201922221155E-4 3.2110827056661074E-8
1.5688565238615817E-4 3.2618058175780916E-8
1.5729206951280216E-4 3.359212432094057E-8
1.5654870026865356E-4 3.6997035926832945E-8
1.5684019702748514E-4 3.836534000866131E-8
1.5759471074375502E-4 3.6273674543257266E-8
1.575175920805799E-4 3.215484904435604E-8
1.5783862651094673E-4 2.8041159054545005E-8
1.588373354808331E-4 2.4384620843324466E-8
1.592621220550916E-4 1.9582740053966435E-8
1.5936101828914592E-4 1.875425871254743E-8
1.600037863579457E-4 1.4098582606308452E-8
1.6196084569104925E-4 1.4695588989236785E-8
1.6132354040522003E-4 1.1959973946130313E-8
1.614911078399152E-4 1.1452187121558657E-8
1.6268335969527232E-4 1.0167653170963225E-8
1.6262542007746122E-4 1.0506661383266809E-8
1.6228369150428584E-4 1.025953290151229E-8
1.628635030120274E-4 6.636732455070902E-9
1.6330720966337522E-4 3.630619929519195E-9
1.6403442406345966E-4 3.755320480680602E-9
1.6467400263396918E-4 5.917992968097101E-9
1.6506395926249606E-4 8.580390561000535E-9
1.6359473919582692E-4 7.385439533868284E-9
1.6369111510303516E-4 8.144919192257813E-9
1.6295345035062883E-4 5.555682325624411E-9
1.6418992979161493E-4 4.161640917131355E-9
1.64197743731058E-4 3.0942125184491628E-9
1.645829120102704E-4 9.779988487453202E-9
1.6580788405525535E-4 1.1265718086934961E-8
1.654724257322286E-4 1.1682181662969174E-8
1.6538761698160385E-4 5.629985185530103E-9
1.668912485977451E-4 6.305827884053698E-9
1.6795849022165044E-4 1.0433447750980078E-8
1.6605189424725422E-4 1.2749847559694787E-8
1.6490479353904253E-4 8.476522287290881E-9
1.666123379214546E-4 1.1248982505000207E-8
1.6528024880788398E-4 1.3197354912219408E-8
1.6389634163135988E-4 6.7938458447858695E-9
1.6395497358091696E-4 6.417972150095114E-9
1.637120101511694E-4 8.338881744406751E-9
1.6312849381814036E-4 9.51929899347477E-9
1.6340047553254754E-4 7.2915535048173196E-9
1.6390931816035001E-4 4.811853630595753E-9
1.6328298985214757E-4 2.603102082100587E-9
1.6200384180900355E-4 4.1043583140590876E-10
1.623849545832241E-4 5.352463137219357E-10
1.6118018273507905E-4 1.0474298501700037E-9
1.616677345149803E-4 4.499605823707212E-10
1.6180158823413744E-4 4.794582298966608E-9
1.6209444286762375E-4 3.1811985964441897E-9
1.6317391191877635E-4 1.8098771879319062E-9
1.6345790514681892E-4 1.5599975780624634E-9
1.634270977013334E-4 2.9791288878221406E-10
1.64442482781921E-4 1.2741815283136499E-9
1.634342778632905E-4 2.182728061744235E-9
1.6400473166577466E-4 4.4731688603641775E-9
1.649527760819642E-4 2.2953777821608373E-9
1.6539777516184147E-4 1.2624778367428054E-9
1.6556994725842368E-4 2.2617408917212215E-9
1.6623727203281312E-4 3.246522794284198E-9
1.6624350313932746E-4 8.366505206430124E-9
1.6638769165350318E-4 6.7097086374256825E-9
1.6626338668416065E-4 8.232900400812284E-9
1.6646354730832686E-4 4.579915918016017E-9
1.682245211400502E-4 5.454504818767794E-9
1.6831826823258576E-4 3.420158030722207E-9
1.6740339409765338E-4 5.3511627802008415E-9
1.668365585581667E-4 2.8572772938623408E-9
1.6595200065050398E-4 2.741268171320226E-9
1.6678505242466077E-4 1.3043368451694194E-10
1.6813509779832242E-4 2.1289428133266543E-9
1.684085596867622E-4 6.7063848542214485E-9
1.694976761835702E-4 1.118621591636817E-8
1.6895788995723666E-4 1.3700678187747071E-8
1.676967419542532E-4 1.1952654328873714E-8
1.676445129297488E-4 1.3399407930904264E-8
1.6680882377337694E-4 1.241524580997209E-8
1.6582964235324713E-4 1.0749884343824083E-8
1.650012256336936E-4 6.791437190218025E-9
1.6586724792511055E-4 8.277121949639029E-9
1.660618282775208E-4 9.538344506254486E-9
1.6536131094267877E-4 1.1950094351869842E-8
1.661552584908809E-4 1.0447000392993814E-8
1.6606789479515658E-4 1.0580160348257997E-8
1.660623923181577E-4 6.453073032968413E-9
1.6631514927596376E-4 3.6891716683143546E-9
1.657753083407793E-4 3.4124958701230125E-10
1.6612305567351453E-4 4.758620095394301E-9
1.6523452861007357E-4 4.363200237580706E-10
1.6422195300110586E-4 2.95576650550806E-9
1.6309682091743228E-4 1.6693514278903559E-9
1.6235700014328547E-4 4.2234417274366687E-10
1.629957671197646E-4 3.5098964602865474E-9
1.6336478218961315E-4 2.2904365109391637E-9
1.623647148413311E-4 2.150577921819529E-9
1.6129349045657592E-4 1.987610851561072E-9
1.6102053344388358E-4 1.339409264686372E-9
1.6108949902864924E-4 2.237698202867686E-9
1.6141210827855842E-4 1.7353511428067222E-9
1.6108600997889256E-4 4.4066627074979665E-9
1.6155903633732662E-4 7.553704931245308E-9
1.616754177604906E-4 2.8449432044579527E-9
1.6101207536386162E-4 4.7997978482657456E-9
1.6065831687356335E-4 3.044123031820361E-9
1.5912616041744159E-4 4.596246789472045E-9
1.598377505362895E-4 2.9976301002792704E-9
1.594154255502516E-4 1.4624228975560925E-9
1.6006123318577882E-4 2.829791029661786E-10
1.595416365871745E-4 3.515799735625538E-10
1.6049364020310857E-4 2.4543492292781327E-9
1.6079732220649755E-4 9.775016260904251E-10
1.6033938359418908E-4 4.540191080420184E-10
1.5991107483765007E-4 9.942153311970304E-10
1.6053309623542266E-4 2.1962063923716625E-9
1.6176330111807057E-4 2.1864181570520032E-9
1.6219569300785993E-4 5.0761265779256754E-9
1.6287848249594682E-4 1.7565692042942143E-9
1.6196047583502172E-4 3.848642450840825E-9
1.6237413647419258E-4 1.2636923679785333E-9
1.6227450709777557E-4 4.902152761751045E-9
1.618782148995868E-4 6.046260650793324E-9
1.643710880413024E-4 5.169037223465701E-9
1.646026928273632E-4 6.554420327071087E-9
1.6399415284560335E-4 6.290876228891794E-9
1.6441931099480213E-4 4.687592916538801E-9
1.6460276694976012E-4 6.372611841364939E-10
1.6434161849078932E-4 9.990774582012115E-10
1.6375973309018836E-4 6.710233987249547E-9
1.6318137737987733E-4 7.500030176073411E-9
1.6417851800800277E-4 4.2042099629538724E-9
1.6337452003615594E-4 4.600305579078809E-9
1.6159082925190865E-4 6.53386384354696E-9
1.6220541114879265E-4 4.5654358562402E-9
1.6336578621743627E-4 7.330578948833264E-10
1.6317043599189604E-4 1.1810041576889511E-9
1.6316506919484565E-4 9.406222613414679E-11
1.6384164419606495E-4 4.020576104305732E-9
1.6400990582069483E-4 1.5820702625900436E-9
1.63190540444851E-4 1.1320896135005821E-9
1.628972445491361E-4 1.3060054665330056E-9
1.6317978866584374E-4 2.5906740608081067E-9
1.63989421632235E-4 6.792976981258466E-9
1.6470994492734294E-4 7.529928274264681E-9
1.642081269665409E-4 6.5367712519511585E-9
1.6480534479040583E-4 4.750019322678474E-9
1.6556402495220696E-4 7.340207082559211E-9
1.6540746503932325E-4 2.820762051297936E-9
1.6531864894253948E-4 3.6082459455466943E-9
1.6524273091803445E-4 2.666670996772703E-10
1.6454309144189807E-4 3.62890103471731E-10
1.6597811940220677E-4 4.481838805517422E-9
1.6519331228325037E-4 3.168341143677605E-9
1.656484030599433E-4 2.4716449669758066E-9
1.6511322228754302E-4 3.357012732134793E-9
1.6538864481025807E-4 1.8793580673152053E-9
1.6401044272785885E-4 3.4118088405136484E-9
1.6463565059962864E-4 5.180528459352803E-9
1.6372382033421056E-4 7.260232537811362E-9
1.639074288110904E-4 7.035060659462387E-9
1.6392444349665582E-4 6.597537997658201E-9
1.6336005289810482E-4 3.3231806605707676E-9
1.633676108876149E-4 1.689027758631958E-9
1.63220032429352E-4 6.074520798006401E-9
1.6325000157417285E-4 3.367574255511033E-9
1.6370283789790335E-4 1.0948837373710293E-10
1.6374794075729217E-4 1.1521678324071297E-9
1.6337373607420557E-4 1.1447194241297133E-9
1.628867991267036E-4 2.7169105203803307E-9
1.6292447355035567E-4 6.896531533107401E-10
1.6225116841071872E-4 4.428118738487418E-9
1.63022777035949E-4 6.26080391906257E-9
1.618521462356554E-4 5.706505904138205E-9
1.621965744819173E-4 6.394268379960786E-9
1.6146823340740582E-4 2.962049375274231E-9
1.6065119835253073E-4 5.634614314099285E-9
1.605343251051038E-4 2.7148417491328135E-9
1.5980392037835808E-4 2.325147657859805E-9
1.5995560039157547E-4 7.132126879643048E-10
1.6024606625822976E-4 1.312015959980086E-9
1.6174264527605176E-4 2.382851177014551E-9
1.6224182305569525E-4 8.975460086325959E-10
1.6242304555495106E-4 4.248319309053039E-9
1.630449305982959E-4 6.24980390790536E-9
1.6279863136779173E-4 3.746046643048799E-9
1.6290741654054013E-4 1.7752958333944321E-9
1.6343000861219852E-4 1.7645487528821294E-10
1.647864554655291E-4 2.7904809590280485E-10
1.6526244651244725E-4 1.5385935074621279E-9
1.6500577526983474E-4 4.6339103158089335E-10
1.6410895270116085E-4 2.130659276127541E-10
1.641000795785712E-4 2.3349190228242537E-9
1.6467201227207033E-4 7.594223364682038E-9
1.6406816874776095E-4 4.206333172161877E-9
1.6418769709140022E-4 4.71109312551296E-9
1.6372252435078332E-4 5.55858779381494E-9
1.6252489030262572E-4 8.267716136142527E-9
1.62660266493712E-4 1.647262212921887E-8
1.6250379513476135E-4 2.010277179841243E-8
1.633598820086049E-4 2.2701267717548134E-8
1.6217967135132363E-4 2.4062014641047205E-8
1.6295775132409227E-4 2.7315202834493916E-8
1.6417387606705808E-4 2.7047604740236715E-8
1.632654143886768E-4 2.0958259605268338E-8
1.6384484320214917E-4 1.553438602304788E-8
1.6304113502236888E-4 1.4018013681600856E-8
1.6392703653573268E-4 1.3794978124699315E-8
1.6378519232028974E-4 1.6896930907300486E-8
1.6416239397983208E-4 1.5674459584047332E-8
1.6412943371595947E-4 1.6582215710716065E-8
1.6402632812664625E-4 1.872908980343562E-8
1.6407414713785849E-4 1.9488315915556695E-8
1.64282275013675E-4 1.7259124241130993E-8
1.6459524505063475E-4 1.6768123006302856E-8
1.645200638030679E-4 1.4263887611676361E-8
1.642726511920285E-4 1.4769298845272456E-8
1.6415033616785024E-4 1.1869052430581379E-8
1.6498065831650754E-4 1.1951344786460512E-8
1.635419542347754E-4 1.8097810127617564E-8
1.6363815721931192E-4 1.702729338887263E-8
1.63548932561766E-4 1.9029039383447726E-8
1.634657318763101E-4 2.334870492207066E-8
1.6483816090041002E-4 2.0211834102718603E-8
1.641544961663693E-4 1.9504643021781866E-8
1.6339530258219605E-4 2.1078347745580436E-8
1.6337525366942314E-4 2.017854116931957E-8
1.629954926107061E-4 1.9219471602391802E-8
1.626129838545329E-4 1.7948308612357998E-8
1.6206766691887592E-4 1.5847948750839433E-8
1.605614894319374E-4 1.9440540264086524E-8
1.5997732093130817E-4 2.1213495946533314E-8
1.5965375874373185E-4 2.2708090693807363E-8
1.597428995773508E-4 2.1906941675296418E-8
1.5933491584265477E-4 1.9414045842094105E-8
1.596039346766369E-4 1.3216504444202586E-8
1.587048696592236E-4 1.8129764813842658E-8
1.5876480176713406E-4 1.8651199123723595E-8
1.5898541459448488E-4 1.8393481555124293E-8
1.5807214944619488E-4 1.9656437190108337E-8
1.5765202103563145E-4 1.7854962765524837E-8
1.5807718456990988E-4 1.6725132105715947E-8
1.5819188145652812E-4 1.8620385014118197E-8
1.5729425609366612E-4 2.495721484021326E-8
1.590574414271148E-4 2.4326798380753948E-8
1.5838280869064092E-4 2.375673097506541E-8
1.573955919227923E-4 2.2853364437573035E-8
1.5698183529841263E-4 1.8661255043816256E-8
1.568292638592343E-4 1.772590461965437E-8
1.5551293080876862E-4 1.529136473493671E-8
1.5538854342577108E-4 1.3621064604565035E-8
1.5696199791574077E-4 1.2380744805318806E-8
1.5574875130035747E-4 1.1605367794220137E-8
1.5606856993110902E-4 1.4668261518133445E-8
1.5562620760844017E-4 7.17170300773009E-9
1.5585756423086518E-4 9.580977760223724E-9
1.5545837931660983E-4 8.571573811654411E-9
1.5602361637187024E-4 8.096734270391748E-9
1.539960742276067E-4 7.4446819875437545E-9
1.5282874217475756E-4 9.576217795726784E-9
1.5193809633644014E-4 1.3646463254423128E-8
1.515456799382229E-4 9.834087812299493E-9
1.5099322125963289E-4 1.034114251088886E-8
1.5064377475665293E-4 1.5113341452955187E-8
1.5092809154264373E-4 1.6691687015214622E-8
1.5025611782520823E-4 2.124278025907061E-8
1.5086420138917987E-4 2.0244349272677774E-8
1.503045551207434E-4 2.5378109478359212E-8
1.5004733284928215E-4 2.2351646536136413E-8
1.5147081901782222E-4 2.1106898312777853E-8
1.5261279072178828E-4 1.6131876748732817E-8
1.5249635820561416E-4 8.267854709377446E-9
1.530323699751447E-4 6.374146216984935E-9
1.5261321231862916E-4 3.060358971211793E-9
1.521872192218652E-4 1.876269671687101E-9
1.5191025308731662E-4 1.961412673073912E-9
1.523025183836343E-4 3.6070934059418704E-9
1.515365816394601E-4 3.0188890328005334E-10
1.5093104522227458E-4 1.934977924552628E-9
1.505553329253183E-4 2.29130347491048E-9
1.500840351828255E-4 2.3563717019349267E-9
1.5110078177841776E-4 6.4471306235214135E-9
1.509233309145504E-4 3.692399821837657E-10
1.5031330082665223E-4 3.2120913052860814E-9
1.502540073643581E-4 1.0619821897754297E-9
1.50938722555183E-4 1.815238347785094E-9
1.5001598272732354E-4 4.631012460242314E-9
1.5103565136536897E-4 5.729001359581012E-9
1.5076520121005878E-4 7.30382782656051E-9
1.5025826519836632E-4 1.1312349756374175E-8
1.5092155967656685E-4 1.157812130217706E-8
1.5103725113741644E-4 1.3426658127191826E-8
1.5109556608716083E-4 1.0875622478497438E-8
1.5144060742393317E-4 1.2245833325849544E-8
1.5147687682724145E-4 1.3417017940525852E-8
1.5159999531728203E-4 1.0974594152656024E-8
1.514413740436566E-4 1.1796937870977556E-8
1.500529546240312E-4 8.719793163316136E-9
1.4964367772162348E-4 5.8082545243147606E-9
1.4900810867640615E-4 4.232738168142669E-9
1.4973941551704902E-4 1.8827097990491604E-9
1.507503008015337E-4 3.819251211744181E-9
1.512285328845426E-4 7.431728977094038E-9
1.5067345527719912E-4 4.644234614733394E-9
1.5012361214254244E-4 4.009874921967742E-9
1.5040614565559822E-4 6.725211313269577E-10
1.5034187355922638E-4 3.192539753170225E-9
1.5002345709446416E-4 2.8753170717383332E-9
1.5113515101551416E-4 1.3471592825921742E-9
1.5105688991645162E-4 8.467695733707799E-10
1.5126027843652163E-4 2.4557501392718823E-9
1.5138677472410083E-4 4.0975924417118435E-9
1.513453345584776E-4 5.542011310586889E-9
1.5104284558401264E-4 4.729811458772492E-9
1.5138539274637338E-4 2.7570174369203845E-9
1.5124809261756454E-4 7.403327718596519E-10
1.5187125338467862E-4 3.782121683437549E-10
1.534504874791268E-4 4.003980027511545E-9
1.5363951344075227E-4 2.8504629288788664E-9
1.5369750405817893E-4 3.663087565683432E-10
1.5420160348202756E-4 7.138881411743788E-10
1.533093718890094E-4 5.111568201994271E-10
1.5297087613193403E-4 8.937408018861088E-10
1.5222324958364297E-4 6.097014228871058E-9
1.5139535135125725E-4 4.362614442130473E-9
1.5077502086206557E-4 6.666006176477631E-9
1.5056914437714666E-4 8.018520394416676E-9
1.500469055003129E-4 8.570120090003433E-9
1.4893696911121978E-4 8.413382124264227E-9
1.4819812630625874E-4 8.165531575382481E-9
1.4743681892141812E-4 1.0278486113281151E-8
1.4662370535978926E-4 7.602220827508568E-9
1.4713191745816315E-4 9.986665022266932E-9
1.4552547001765682E-4 9.02120612759227E-9
1.4551621440652622E-4 6.86187445196097E-9
1.4462478045652177E-4 4.647930680268188E-9
1.4633844302180672E-4 6.074028241571309E-9
1.4638433605693396E-4 4.010505854109669E-9
1.4591674297226125E-4 5.015274674914248E-9
1.450119111415586E-4 7.403730506988081E-9
1.4446167294977048E-4 9.44938478423293E-9
1.440848777780325E-4 8.919076849623372E-9
1.445871599742328E-4 1.1653122275965264E-8
1.4441410316123513E-4 9.581777347298065E-9
1.4460653530761662E-4 1.304851219716336E-8
1.446572744099781E-4 1.2992669506733338E-8
1.4471161900085844E-4 1.121788170676001E-8
1.4506719752980254E-4 1.0270079401573365E-8
1.4571957379767397E-4 9.775158157218828E-9
1.4507762182058934E-4 9.51787332979017E-9
1.4500783209698566E-4 8.256418938732389E-9
1.4511309609892286E-4 1.3752990288998874E-8
1.4380773220799728E-4 1.0100511830630967E-8
1.448722525952081E-4 1.0846474279411383E-8
1.4489033867007165E-4 1.0645612617310224E-8
1.4414376382070992E-4 7.642033239840817E-9
1.440228056647161E-4 4.686567723594212E-9
1.4388029056225957E-4 1.2843619878299527E-9
1.429137224876302E-4 4.6853870802832315E-9
1.4168861853809667E-4 6.577642843069752E-9
1.415134776417224E-4 5.896802902911988E-9
1.4113656702454032E-4 7.69672101118106E-9
1.4120855593606398E-4 1.070615756879528E-8
1.4141427829114813E-4 1.2479356393404833E-8
1.4167494336232895E-4 1.1942541662655784E-8
1.4134482543965983E-4 1.2123019350334546E-8
1.405740865746233E-4 1.0545957408400215E-8
1.4076748980471E-4 8.165011632339325E-9
1.4112923117054813E-4 9.62187316567363E-9
1.3985632625467036E-4 1.3625418734062309E-8
1.3995083390985904E-4 1.506684366639065E-8
1.4053505021446237E-4 1.3972384013852355E-8
1.4093812624072226E-4 1.0535644458531401E-8
1.4128758180922366E-4 7.113589389950634E-9
1.4066519829832274E-4 5.233404545634075E-9
1.4201023479515796E-4 7.778456833040749E-9
1.4223579389940118E-4 3.9398843547385864E-9
1.4095976922070424E-4 4.935857185958139E-9
1.3914435147810672E-4 3.6836059501738115E-9
1.3929597733221527E-4 1.9146840535988084E-10
1.4000802033676272E-4 1.3274086120039562E-9
1.3944208019581465E-4 1.6339966978825009E-9
1.3938606581985957E-4 2.083426924972859E-10
1.4020647366510392E-4 5.197918169934964E-9
1.3930819472224125E-4 1.1269398897575781E-8
1.4031364398136746E-4 9.907512421689253E-9
1.4059034291402455E-4 1.2801655400210233E-8
1.4034336318774563E-4 1.6279818571574033E-8
1.394883851655893E-4 1.4441498072669283E-8
1.3824310686397885E-4 1.655455677901862E-8
1.3795951550322333E-4 1.590110655434973E-8
1.3750759641600017E-4 1.3756316683775091E-8
1.3692610204699238E-4 1.5303152952264175E-8
1.3768479839870577E-4 1.5909968187632917E-8
1.3773473242044117E-4 1.6449960224009224E-8
1.3876390271662375E-4 1.466216726413931E-8
1.3839549780032465E-4 1.5389650669347704E-8
1.3850260179271623E-4 1.0563128407452098E-8
1.385082876309377E-4 1.1082695609383666E-8
1.377386002658214E-4 1.6125743463291065E-8
1.3671723309199748E-4 2.1482817068435556E-8
1.3648313076256317E-4 2.2128071847168516E-8
1.3642055978287842E-4 2.097017626684133E-8
1.3631906555289003E-4 2.0208918381702467E-8
1.3733200354811037E-4 1.6835248227089908E-8
1.3769823031177986E-4 1.686697965660593E-8
1.372684064721311E-4 1.850011064192359E-8
1.3824117080330823E-4 1.9298401086020845E-8
1.3906764403074084E-4 1.972332845531316E-8
1.3933942498939637E-4 2.2655904953777664E-8
1.3959545988739635E-4 2.35822820127097E-8
1.3993220636514725E-4 2.5503400188037564E-8
1.405847667924939E-4 2.6361814097823036E-8
1.4094248475539925E-4 2.433372713753695E-8
1.4065328198611547E-4 2.6557491096834446E-8
1: 121 = 121 ### 0.007985 = 0.007981 ##### Davis
2: 21 = 21 ### 0.007733 = 0.007731 ##### Photo_Requests
3: 245 = 245 ### 0.007362 = 0.007360 ##### UC_Davis
4: 1531 = 1531 ### 0.005092 = 0.005094 ##### Seed/Definition
5: 1367 = 1367 ### 0.002839 = 0.002837 ##### departed_businesses
6: 31 = 31 ### 0.002537 = 0.002537 ##### Sacramento
7: 80 = 80 ### 0.002215 = 0.002216 ##### ASUCD
8: 1040 = 1040 ### 0.002185 = 0.002183 ##### Woodland
9: 254 = 254 ### 0.002020 = 0.002023 ##### campus
10: 452 = 452 ### 0.001952 = 0.001945 ##### City_Council
11: 157 = 157 ### 0.001626 = 0.001626 ##### East_Davis
12: 392 = 392 ### 0.001620 = 0.001620 ##### Yolo_County
13: 169 = 169 ### 0.001615 = 0.001610 ##### South_Davis
14: 100 = 100 ### 0.001559 = 0.001563 ##### West_Davis
15: 561 = 561 ### 0.001456 = 0.001460 ##### City_of_Davis
16: 3870 = 3870 ### 0.001446 = 0.001444 ##### Cul-de-sacs
17: 997 = 997 ### 0.001347 = 0.001354 ##### ASUCD_Senate
18: 884 = 884 ### 0.001274 = 0.001278 ##### Interstate_80
19: 202 = 202 ### 0.001265 = 0.001266 ##### The_California_Aggie
20: 8 = 8 ### 0.001252 = 0.001258 ##### 2007
21: 72 = 72 ### 0.001230 = 0.001231 ##### Campus
22: 145 = 145 ### 0.001188 = 0.001190 ##### North_Davis
23: 27 = 27 ### 0.001085 = 0.001092 ##### Arboretum
24: 645 = 645 ### 0.001078 = 0.001083 ##### Memorial_Union
25: 490 = 490 ### 0.001063 = 0.001063 ##### Davis_Enterprise
26: 2883 = 2883 ### 0.001052 = 0.001050 ##### Dentists
27: 81 = 81 ### 0.001023 = 0.001026 ##### KDVS
28: 942 = 942 ### 0.001016 = 0.001010 ##### 2006
29: 125 = 125 ### 0.000954 = 0.000952 ##### Music_Scene
30: 247 = 247 ### 0.000938 = 0.000940 ##### Picnic_Day
31: 708 = 337 ### 0.000882 = 0.000878 ##### Unitrans
32: 337 = 179 ### 0.000880 = 0.000878 ##### Davis_Senior_High_School
33: 179 = 708 ### 0.000880 = 0.000877 ##### Town_Flora
34: 1403 = 1403 ### 0.000865 = 0.000870 ##### Daubert
35: 484 = 484 ### 0.000857 = 0.000858 ##### Winters
36: 152 = 26 ### 0.000852 = 0.000854 ##### Apartments
37: 26 = 152 ### 0.000851 = 0.000853 ##### Highway_113
38: 15492 = 321 ### 0.000840 = 0.000828 ##### User_Statistics
39: 321 = 242 ### 0.000823 = 0.000812 ##### 2008
40: 242 = 15492 ### 0.000811 = 0.000797 ##### Front_Page
41: 1043 = 1964 ### 0.000786 = 0.000787 ##### Dixon
42: 1964 = 1043 ### 0.000784 = 0.000785 ##### ttp://gnome.wikispot.org/Users/JoePomidor
43: 857 = 857 ### 0.000772 = 0.000771 ##### West_Sacramento
44: 1755 = 1755 ### 0.000747 = 0.000750 ##### Pole_Line_Road
45: 15686 = 1200 ### 0.000742 = 0.000723 ##### Interpreting_User_Statistics
46: 1200 = 281 ### 0.000728 = 0.000712 ##### 2011
47: 281 = 154 ### 0.000709 = 0.000709 ##### downtown
48: 154 = 16 ### 0.000708 = 0.000703 ##### Downtown
49: 1365 = 1365 ### 0.000702 = 0.000702 ##### 2nd_Street
50: 16 = 15686 ### 0.000701 = 0.000701 ##### 2004
