0.08287180974684752 0.0010453502882206641
0.008771160538844944 0.0010453502882206641
0.0079724874426811 0.0010453502882206641
0.006983028506560627 0.0010453502882206641
0.006908574881523511 0.0010453502882206641
0.006744803054863791 0.0010453502882206641
0.007042193111141315 9.61670434467301E-4
0.006961812283890461 9.460530917115131E-4
0.006983353631660286 8.885223622337934E-4
0.006759837203328066 8.653627587852042E-4
0.0069497374858344604 8.161448990048736E-4
0.006753481394918163 8.091120410734592E-4
0.006695987542864598 7.74321501435322E-4
0.006715571803494402 7.6416415632069E-4
0.006629424359822686 7.404291075988177E-4
0.006693600606291031 7.092843885196588E-4
0.006655324915957437 6.942870595690948E-4
0.006499276737393118 6.672300890169803E-4
0.006598522807206925 6.60697095812863E-4
0.006493791067094775 6.454656979505143E-4
0.0064082530496151644 6.336332840198042E-4
0.006302680409072429 6.192393069283109E-4
0.006414841780656641 6.062212682656613E-4
0.006480578024231562 5.928547880834939E-4
0.006512093826521357 5.845961258076261E-4
0.0065067574938605195 5.721547022506438E-4
0.006489351004421741 5.660433305771974E-4
0.006606211976782703 5.545777381479741E-4
0.006631418660666027 5.487778741575685E-4
0.0066708810218488205 5.48822666965834E-4
0.006678295844866642 5.390227968811071E-4
0.006671312278484621 5.343663029796675E-4
0.006692463075898429 5.214490988688354E-4
0.006672802625992343 5.180654845104438E-4
0.0066985522616324535 5.14856210468782E-4
0.006715373532174555 5.102948160424501E-4
0.006692719896783775 5.02233953983561E-4
0.006734932555958555 5.008116522172038E-4
0.006738806543370189 4.949059612628042E-4
0.006746237388013055 4.844087740137606E-4
0.006745703904453869 4.7920936046082316E-4
0.0067574861408493106 4.714947526010663E-4
0.006699885875633823 4.6861417520235676E-4
0.006678347486911124 4.66926738246702E-4
0.006737836597546186 4.616765513544149E-4
0.0067780449021420585 4.5497528047786537E-4
0.0068211686767205406 4.452155504494537E-4
0.006867685518840302 4.462773178614858E-4
0.006842916692795233 4.4106914251322257E-4
0.006853317266526777 4.4004834533088245E-4
0.006842479482823815 4.34002755219432E-4
0.006791750728895682 4.3250449770989874E-4
0.006808944776243377 4.291490377054685E-4
0.006822837051829125 4.277094802608953E-4
0.006811573554364437 4.2416329064347123E-4
0.006780404774461562 4.2035990076856963E-4
0.006765941888898532 4.1676514720440214E-4
0.006769900018362666 4.135456544919442E-4
0.006773439084133953 4.0892424473884325E-4
0.006756807168510494 4.07231662685164E-4
0.0067473140247068485 4.06630675875076E-4
0.006743604937983924 4.0225211865459155E-4
0.00676875153247183 3.993139830272823E-4
0.006761855151560238 3.952625874221545E-4
0.006750303078731928 3.947998444190572E-4
0.0067406198680496875 3.908734983287207E-4
0.006737448227985046 3.8847937180705103E-4
0.006720620485143122 3.862109014844084E-4
0.006749206740165655 3.826453319343005E-4
0.00674343882653932 3.8225007312422173E-4
0.006733732981879188 3.815241161594483E-4
0.006715948786174556 3.754243809965979E-4
0.006737141693001567 3.7279569724763933E-4
0.006708633012273947 3.713733341222355E-4
0.006696915714656823 3.688116501451836E-4
0.006705971119314268 3.6969505649527896E-4
0.006683514903762524 3.6739739721595223E-4
0.006672961514737013 3.664263551778508E-4
0.006701437883436019 3.6485426579388203E-4
0.0067176919984230496 3.6204259211172036E-4
0.006736626160277874 3.571178844217555E-4
0.006731782156174883 3.565539722481157E-4
0.006714805589988066 3.566573317481231E-4
0.006711113244873023 3.5504948947381784E-4
0.006741429581551713 3.568894595125571E-4
0.0067866127038205375 3.541908620617165E-4
0.0067987048994677035 3.526289824342944E-4
0.00678306697021025 3.515984966547324E-4
0.0068091801565520645 3.5183582831307557E-4
0.006821033517191289 3.4690346285915906E-4
0.006807428977388699 3.471281694071029E-4
0.006809675472210615 3.4596329774838586E-4
0.006796371961139331 3.4460536271739404E-4
0.006800242130120183 3.445225051746184E-4
0.006794222069834573 3.445675429400549E-4
0.006774807214534391 3.4118309192742943E-4
0.006789041464094833 3.4070148894782657E-4
0.006775593034377418 3.3842719970818405E-4
0.006795832885351716 3.3765592193477604E-4
0.006795059810499898 3.376282326571023E-4
0.0067991904006291255 3.3488580981022765E-4
0.006812317820460727 3.3262420613913826E-4
0.006809753926091901 3.322558920907893E-4
0.006799216113386991 3.334191891140307E-4
0.0068067200199760855 3.3212229374457577E-4
0.00679808597586641 3.300611757230465E-4
0.006819690540281642 3.2852495381402745E-4
0.0068360260915466195 3.253747677477188E-4
0.006854495384891196 3.2425745966773735E-4
0.006850819298336623 3.23474688568321E-4
0.006882955102885783 3.227546618202523E-4
0.006896868350374996 3.228589885952788E-4
0.006898807782793637 3.236925588974018E-4
0.006888027763274063 3.2135853519439216E-4
0.006870426744048037 3.194577607826007E-4
0.006864860413812065 3.1824762851256466E-4
0.0068634897713063785 3.2032736921044696E-4
0.006861123043453464 3.181159197750772E-4
0.006863664609801876 3.1752228047997593E-4
0.006876829698274193 3.1737305358419863E-4
0.006858785693850489 3.1554537604879966E-4
0.00686898718821561 3.1540669598615793E-4
0.006847553056580345 3.151596064813569E-4
0.006838208937821781 3.143469940159126E-4
0.00682121787123833 3.134002990138244E-4
0.006829351489486901 3.1313609403315273E-4
0.0068296325890187 3.1267565497002396E-4
0.006816397824462632 3.1145206371836575E-4
0.006809870870125842 3.1056486103931194E-4
0.00680556844447991 3.090764510011344E-4
0.006806858690612618 3.086702183159384E-4
0.006787904555980197 3.0750087409600065E-4
0.006790678081141186 3.068712316557031E-4
0.006789825336327076 3.077972725310705E-4
0.006800572518287326 3.052039439077994E-4
0.006806238661145681 3.03818495810815E-4
0.006789511317807553 3.024354513217967E-4
0.006785033954287615 3.0191306977381754E-4
0.006794802325092054 3.011428468432041E-4
0.006782766141762031 2.9982265823597727E-4
0.006773605584190497 2.997617102089584E-4
0.006770148015728235 2.993948485176598E-4
0.006760703735742126 2.992267232756003E-4
0.006757274214658198 2.987417464215512E-4
0.006751170830729258 2.979331795036748E-4
0.006765142809845996 2.9757851145734013E-4
0.006763265798951344 2.978313120041008E-4
0.006748436393209803 2.971035701927997E-4
0.006734706911084996 2.9743435797536226E-4
0.006747929886606205 2.9701470536086755E-4
0.006745880296909869 2.94915517101345E-4
0.006749596606663265 2.940677497929313E-4
0.006742868390415571 2.944610756454721E-4
0.006751464083021201 2.938546534596145E-4
0.006754228939150262 2.9304273909799177E-4
0.006753921388123181 2.919196030368967E-4
0.006742667732055529 2.911504806495338E-4
0.006751921473385829 2.906483838300466E-4
0.006751999620963052 2.8992687053313655E-4
0.0067446193025166535 2.8862321691175343E-4
0.006732797429063692 2.881987174438283E-4
0.0067318959552944676 2.885065167652546E-4
0.006734831771120055 2.8865640979218834E-4
0.006740339759939929 2.878237998752763E-4
0.006747599525061928 2.870289610551047E-4
0.00673900434536316 2.8611843821717156E-4
0.006740772585187695 2.852419072897643E-4
0.0067293285413421505 2.8334238472169494E-4
0.006734761193248231 2.845448583398274E-4
0.006728093165254333 2.840618562186805E-4
0.006731152398897309 2.837856594061774E-4
0.006729664444453496 2.8284918559253857E-4
0.006730819881075237 2.821487927349958E-4
0.006731259522799657 2.8221444270017776E-4
0.006737035625868547 2.81537077923029E-4
0.006722083787745107 2.8087682344201444E-4
0.006729702733399049 2.8019058900712767E-4
0.00672542814780144 2.798499109592964E-4
0.006725334969625263 2.783959884723126E-4
0.006727819491915032 2.7751683499396303E-4
0.006716386036945634 2.7640794842126004E-4
0.00672212094950723 2.75824692247536E-4
0.006716159248428994 2.756335370088252E-4
0.006715973129504568 2.7448453544287176E-4
0.006720576605537727 2.734509778488695E-4
0.00671736410868741 2.7211367532146324E-4
0.006723151052473952 2.7074901807730737E-4
0.006713146151951705 2.7022268641443324E-4
0.006704640479668172 2.707513215105103E-4
0.006711977845711921 2.697758246231912E-4
0.006716805301227333 2.6831929993323666E-4
0.006713700893181926 2.6635460643929185E-4
0.006709054712377227 2.6639931894574043E-4
0.006711941833853391 2.667373337199301E-4
0.006713695409198427 2.673617411641083E-4
0.006699896960813724 2.669832291013721E-4
0.006717304311722455 2.657468807785436E-4
0.00670794776221252 2.666532057807372E-4
0.006717103698718831 2.6654354840867546E-4
0.0067210997857681965 2.6668588619702577E-4
0.006738667557398934 2.6670504053452436E-4
0.00675153647278979 2.656256926519534E-4
0.006740941905631805 2.652370060968664E-4
0.006737245983574341 2.639715498905309E-4
0.006740547537490362 2.644110149713134E-4
0.006749784131246364 2.6467683538736794E-4
0.006751329445843562 2.639311997835188E-4
0.00675800620134787 2.6334917375757394E-4
0.0067619778789370045 2.619450163618352E-4
0.006754372204121128 2.61738928533939E-4
0.006756516689462873 2.6154148115147414E-4
0.006758698791689706 2.613509838935729E-4
0.006758017450202983 2.606245884086352E-4
0.006758092632645548 2.5980660350431007E-4
0.006757800843882525 2.5881739924725825E-4
0.0067512642375030995 2.590982319121361E-4
0.006750735590563375 2.5821293698192186E-4
0.006750664136017571 2.587544624426E-4
0.0067579546213934055 2.5839381173911504E-4
0.006754755815753983 2.585846693864786E-4
0.006752799348435316 2.5820874574841187E-4
0.006754395119761601 2.574633687445344E-4
0.0067585808148840736 2.567374282698706E-4
0.00678011320868747 2.565002880309536E-4
0.006775346981968773 2.5479085045273196E-4
0.0067742452835309955 2.5541969408825107E-4
0.006792665921672071 2.557061045613893E-4
0.006802621197231064 2.552171938246627E-4
0.0068034920381408875 2.559951138119633E-4
0.00680964276153712 2.556040590573994E-4
0.006815785368436894 2.5512801197758117E-4
0.006808173679719681 2.546330752474746E-4
0.006801063780249636 2.539954728651483E-4
0.006806355971856284 2.536988524963408E-4
0.00681437696363824 2.533198887136285E-4
0.006811036660586371 2.5342349105406006E-4
0.006809348388889177 2.531824203220692E-4
0.006812572620774279 2.5303497609247986E-4
0.0067969893773347796 2.5311076190671125E-4
0.006801802732335098 2.5259501760474323E-4
0.00679598985690753 2.522836453086129E-4
0.006786682490292453 2.521276311074518E-4
0.0067907368169250045 2.508991796555038E-4
0.006803528075514073 2.519494715115225E-4
0.006799828092689722 2.5212161032886975E-4
0.006810385478473206 2.5272751035600264E-4
0.0068116279256215185 2.505566321276444E-4
0.006816429200945292 2.5041953818524885E-4
0.006826832874715983 2.4933211562503917E-4
0.006831482848798469 2.482632579454871E-4
0.006834496045084894 2.482897220769419E-4
0.006837036815396474 2.4809356220964224E-4
0.006833930441751655 2.4672105857397806E-4
0.006828980402564364 2.4624850446437003E-4
0.006832562500744733 2.4573030264152967E-4
0.006844342442032771 2.448847876729827E-4
0.006843841895695575 2.450788193143086E-4
0.006847162942713611 2.44978068004734E-4
0.006850661985998093 2.4451496317028E-4
0.0068550064834430125 2.441961273635773E-4
0.006847832179172269 2.4468218478354456E-4
0.006853385602918238 2.4479748171840984E-4
0.0068500630299788996 2.45209619630959E-4
0.0068417135474335335 2.453941534812052E-4
0.006834625499160491 2.4570967856807883E-4
0.006832075473113175 2.4468316962027794E-4
0.006828225144667467 2.4502119335947486E-4
0.006827283997157471 2.4536952981384465E-4
0.006833198084222044 2.449892217833059E-4
0.00683711489450803 2.451224848931571E-4
0.006837918777323858 2.4400370122862764E-4
0.00684062968119698 2.4272598414942965E-4
0.006837858409987278 2.4274905153331896E-4
0.0068384276000978276 2.42633517715677E-4
0.00683695586111035 2.4273250649985755E-4
0.006834906316029148 2.42093181339083E-4
0.006829041107197455 2.4217929556875873E-4
0.0068272123446357896 2.422621648312308E-4
0.006831763128062941 2.421096587561263E-4
0.006831410898207756 2.41267613056143E-4
0.006833041504473562 2.4043661334096175E-4
0.006827551904234831 2.3986981853885026E-4
0.00682570402970751 2.3966950227551146E-4
0.006827332114423436 2.3864552735124628E-4
0.006822178861722272 2.3789592587839626E-4
0.006824189797606856 2.3755295582073127E-4
0.006819844223426198 2.3720955447862984E-4
0.006820273516945651 2.3693142246060644E-4
0.006820998279551211 2.3679749556544802E-4
0.006818534489883985 2.3631851540908185E-4
0.006812193783969667 2.3571841410787692E-4
0.006807377046789395 2.360532915537358E-4
0.006794937484058577 2.3584432262532598E-4
0.006789231063391304 2.3551836821543976E-4
0.006790987313554613 2.3502352423106465E-4
0.0067875656672948415 2.3461719111267395E-4
0.0067867225095897005 2.3451438663396298E-4
0.006785717723317687 2.3476480191599118E-4
0.006780307895018429 2.3367727125696893E-4
0.006789239936243306 2.328913235723722E-4
0.006794262414013357 2.3268525068706372E-4
0.0067876010160125635 2.3217543742090467E-4
0.006779996865299439 2.3213923792280913E-4
0.006782556061206072 2.318492294444983E-4
0.0067786020427804084 2.3139828558120236E-4
0.006770592593801779 2.311467040352034E-4
0.00677019795994278 2.3082169208979403E-4
0.006763581066911316 2.3060495094346555E-4
0.0067672363124153725 2.3042773458189703E-4
0.006766481360863974 2.3062362459791682E-4
0.006765119269738818 2.305790785816135E-4
0.006762206406029315 2.2971144130434572E-4
0.006762084529599826 2.2874682732342078E-4
0.006763562884617327 2.2868977477024912E-4
0.00676981069026823 2.2840706084476702E-4
0.006769296280070843 2.275828732393236E-4
0.006763517674872106 2.2773015131082627E-4
0.0067617424604982865 2.2718902527476038E-4
0.006759203555291481 2.2712836688874933E-4
0.006762711819997966 2.2722881930858658E-4
0.006758451736701797 2.2678493758711423E-4
0.006753825227120812 2.2679826373336426E-4
0.006748720707887934 2.2671522511211913E-4
0.0067429722624233164 2.269208165664582E-4
0.006736111410571863 2.2728389656186606E-4
0.006728646275594719 2.272961173280054E-4
0.006736395145604436 2.273909116090747E-4
0.006737748882114444 2.270478390948971E-4
0.006730849045390934 2.2679128043614406E-4
0.006720983657707142 2.2692917220760005E-4
0.00672374654173728 2.2681174522509848E-4
0.006717630887341019 2.2665336552169023E-4
0.006718078437128382 2.2577550310776156E-4
0.006715092522390671 2.2551183809770253E-4
0.006718363349558739 2.2519777855225663E-4
0.0067173598330621375 2.2402704892410475E-4
0.006718505723378185 2.2462451521599873E-4
0.006716337325064791 2.2448794213306727E-4
0.006714457524167617 2.2432194737849866E-4
0.006712943175212146 2.2386585183024803E-4
0.006708422941732714 2.2372244569465722E-4
0.006711993848816316 2.2355452742335618E-4
0.0067075175331273405 2.2303144581524125E-4
0.006707353885036281 2.2335847741010608E-4
0.006706133987556759 2.232331913272535E-4
0.006706069373683003 2.2266438292024642E-4
0.006704059481957755 2.2265780583448212E-4
0.006702844500308008 2.2293291323192925E-4
0.006701168407830268 2.2313517094709994E-4
0.0066983157259902 2.2289920322890837E-4
0.006693132304299305 2.2324822820655402E-4
0.006690866602614221 2.22742311882315E-4
0.00668979654724848 2.2205443059494816E-4
0.006687737634134773 2.2199747197643743E-4
0.00668643575360186 2.2165382319337058E-4
0.006683763267318321 2.212978618199942E-4
0.006679684738441024 2.208558664711277E-4
0.00668015243463508 2.2070213352041996E-4
0.006682100926549209 2.2046773889197288E-4
0.006682603283511605 2.2054839068875838E-4
0.006683222444067137 2.2026826487356197E-4
0.00668570296585016 2.2015247224563774E-4
0.006684130836953757 2.2010759556618435E-4
0.006681237277350642 2.1936786640247783E-4
0.006684944032646266 2.1947685176605024E-4
0.006681429463320515 2.1899911816600305E-4
0.006676831301701524 2.1899160609170968E-4
0.006674469518617535 2.1904853804050154E-4
0.006673102724902416 2.1915945339893642E-4
0.006674351701610438 2.1894402544244497E-4
0.006676366684270876 2.190402780799645E-4
0.006679187948209094 2.191975352931638E-4
0.006681690752468575 2.186286170744136E-4
0.006675607474570782 2.1863054951215872E-4
0.006673722240873474 2.183239180513332E-4
0.006678480128390642 2.1869593195786985E-4
0.006678240208271631 2.189373194911567E-4
0.006682702715849264 2.1811919775918182E-4
0.006679049181980935 2.1786371089961703E-4
0.006677990939980091 2.179235453011633E-4
0.006681789600916738 2.1750328868014025E-4
0.006684513487941616 2.1736325634922105E-4
0.006687015019078347 2.1761145069930274E-4
0.0066872181297954305 2.1751913203054318E-4
0.006691178011047848 2.1728628613069506E-4
0.006694538852075638 2.173893675365126E-4
0.006692181159818237 2.1720236698106378E-4
0.006690944160805063 2.1649532119123E-4
0.006692862080216609 2.158572966036786E-4
0.006687875631251605 2.157611234788608E-4
0.00669149601713252 2.1573987865409144E-4
0.006691311375900389 2.1500595183701228E-4
0.006693820108162895 2.1531614191701423E-4
0.0066879597088909115 2.1535727709459781E-4
0.006684350239406331 2.1550555705130537E-4
0.00669000717832643 2.14650474386817E-4
0.006686929804300975 2.1465827767693657E-4
0.006690354220822151 2.1478409592218532E-4
0.006687995415079894 2.1488881045152717E-4
0.006687803945974741 2.1420536017377153E-4
0.006687238698149506 2.1387606803246207E-4
0.006693613334768347 2.133700957472477E-4
0.006695925690412964 2.1303723249310185E-4
0.006698575397313794 2.1276557799984895E-4
0.006693221485569609 2.124890048259375E-4
0.006688341103078252 2.1165347491703575E-4
0.006688793297060141 2.1180271762386008E-4
0.006688932761983396 2.1154377934134522E-4
0.006692544783697446 2.1181925268267716E-4
0.006696053173063686 2.1126459435616394E-4
0.006691563023639696 2.1156316047729915E-4
0.00669237786790862 2.1164918457279583E-4
0.006687583329938261 2.1150706503147534E-4
0.0066898598234561065 2.1132888373588378E-4
0.0066968512332754564 2.1126276552239405E-4
0.006694448025528701 2.105871395192785E-4
0.0066935270079056496 2.1101626417070597E-4
0.006692520952872485 2.1070190091945903E-4
0.006687118275205375 2.1070026099411223E-4
0.0066859328505405055 2.1029433543219632E-4
0.006686197993416366 2.106258237733223E-4
0.006687564557125603 2.1044928822637495E-4
0.0066867695241911015 2.0994911515843172E-4
0.0066938341024357275 2.0987422761329418E-4
0.006696619698347327 2.0954171578433674E-4
0.006695904727012352 2.0965408969925552E-4
0.006703867990413447 2.093734197886585E-4
0.0067030903151711315 2.0876496895066066E-4
0.006700725934947485 2.090406632990146E-4
0.006705306300372547 2.0907094536505317E-4
0.0067069189795216436 2.0919675193171685E-4
0.006702634629716398 2.085754649905167E-4
0.00670219579920301 2.0899938360820984E-4
0.00669936105808266 2.0924158600502254E-4
0.006701595129797823 2.0883278027173115E-4
0.006698889473607648 2.0890622865583677E-4
0.006698447030838592 2.0900655416623723E-4
0.006695853266766569 2.0892992968575864E-4
0.006696524488294297 2.0878055872193552E-4
0.006692222356192877 2.091528860493194E-4
0.00669190992266112 2.0912038505897164E-4
0.0066995797721539135 2.090688538516819E-4
0.006695112277359576 2.0934987918444454E-4
0.006693687887418439 2.093688844761185E-4
0.00669530953996169 2.0936867626410402E-4
0.006698185746242476 2.089701373645151E-4
0.006697024116855817 2.084300666662165E-4
0.006690924245871228 2.0814610101220425E-4
0.006688643447440322 2.0765504100461719E-4
0.006686188026628734 2.0794092011563767E-4
0.006688424363129858 2.0754589389964677E-4
0.006690915043336212 2.0684007221696946E-4
0.006693910476438729 2.0706943413667745E-4
0.00669428556095643 2.071412356647908E-4
0.006696119928678208 2.0685300684464877E-4
0.0066983065318830925 2.0680804981504884E-4
0.00669602782307175 2.0660779123540883E-4
0.006694928968215838 2.06508813645763E-4
0.006693084148358415 2.0590000511511088E-4
0.006699128316993228 2.0608013856122646E-4
0.006703834659613653 2.05862677540883E-4
0.00670592113225727 2.06030365148728E-4
0.006706252026434842 2.0530045556038892E-4
0.006703256440514889 2.0536180155872644E-4
0.006704888773278326 2.0551459442025622E-4
0.006701681019576608 2.0500177997265798E-4
0.006702063301313771 2.047509454705433E-4
0.006702806065858868 2.0466291375697637E-4
0.0067071591254985585 2.0444775676377086E-4
0.006710898557404348 2.044418347983641E-4
0.006706735819598486 2.0409463292678505E-4
0.006709584842295227 2.0438277745591223E-4
0.006709595047796761 2.0444697788052368E-4
0.006706408498696281 2.0411178378813098E-4
0.00670995806279344 2.0378155638817747E-4
0.006712069005469747 2.0362691619966387E-4
0.0067109040678786916 2.0366692148719698E-4
0.006704315382163312 2.0352905784323496E-4
0.006710918909256637 2.0281882012698172E-4
0.006712288345025789 2.0281940977512512E-4
0.00671189761217101 2.0277834517724508E-4
0.006715568821146891 2.0289529015477998E-4
0.006717057202308761 2.021187059221751E-4
0.0067241686187674565 2.018161549300873E-4
0.006721338848770166 2.0149632875442089E-4
0.006724168196935145 2.0109088932209477E-4
0.006727419188159301 2.0078119315800982E-4
0.006730230766071655 2.0083590215679763E-4
0.006731799938719643 2.0033507802569178E-4
0.006730417490875197 2.0002177234753287E-4
0.006734141919994753 1.995524049523097E-4
0.006735543686133513 1.996675840005101E-4
0.006736108488339143 1.9965591693679721E-4
0.00673683552626729 1.996957395080364E-4
0.006736415517085951 1.9950345107823644E-4
0.006729264027553008 1.9876230932709053E-4
0.006731682230170261 1.9905265524097743E-4
0.006732140497469754 1.990904572017899E-4
0.006727850147765359 1.9921843676037873E-4
0.0067283329276307275 1.9945371511719987E-4
0.006723809172885658 1.9934996071185445E-4
0.006720587918482602 1.9913167603991346E-4
0.006719519448141011 1.990935331627543E-4
0.006717327926741737 1.993067088909182E-4
0.006714677706656656 1.9900769157610705E-4
0.006717123741257752 1.9862306959791967E-4
0.006717354705178431 1.9869959564603251E-4
0.006718850952312025 1.9877854914514105E-4
0.006722422209990558 1.9878972204519677E-4
0.006721912906457539 1.9862747911829348E-4
0.006723214220586197 1.9811236453760582E-4
0.006723834713127133 1.9800322245621342E-4
0.006726588919398704 1.9804619569795633E-4
0.006727291810400512 1.9816872992610546E-4
0.006725953077419236 1.9820164204612838E-4
0.006724236110312798 1.984958850482214E-4
0.006722805364121668 1.9825969838311252E-4
0.006719438111720907 1.9841085233120078E-4
0.006723040257915235 1.9803806652978292E-4
0.006718953043922521 1.9781322167335017E-4
0.006718083413911584 1.972660179170442E-4
0.006717253878764817 1.9725288243613613E-4
0.006718905351009406 1.9682764188651633E-4
0.0067174313567283876 1.9678229955549364E-4
0.006715096444632992 1.9691020146693115E-4
0.006712516045397483 1.9686888496245133E-4
0.006714811404139192 1.9624517905439395E-4
0.006711168121935655 1.963586350269856E-4
0.006712547827362073 1.9665150556057458E-4
0.006707251936669449 1.9614887960996293E-4
0.006706399564130455 1.9594754425430785E-4
0.006705606646298723 1.9596184500257462E-4
0.006710221838360515 1.9545922479338628E-4
0.006716359449525112 1.9549636712347607E-4
0.006721878204669521 1.9539770867472466E-4
0.006720901379964298 1.955055862599392E-4
0.006719510554375664 1.9547997883170656E-4
0.006722037295543539 1.9513378417971815E-4
0.006716395311334354 1.9498036479327635E-4
0.006713733649341047 1.948094603521242E-4
0.006714826334985083 1.945000719041402E-4
0.006710610532497312 1.9419941984522338E-4
0.006708135327115201 1.9397222842663903E-4
0.006706077181752775 1.9384118019336567E-4
0.00670307435103191 1.9372638945739742E-4
0.0067085317952939325 1.9330509393975128E-4
0.006708402669623605 1.9315133421070237E-4
0.006706562869679287 1.9259625762544128E-4
0.006699377245252911 1.9215500644356124E-4
0.006696100502217013 1.9197995705784001E-4
0.006696130152702064 1.9187639527689897E-4
0.0066991508989185 1.9155260919756509E-4
0.006703496830326138 1.9189579022142885E-4
0.006703700478808495 1.9194881166675757E-4
0.006702460387707092 1.9190298696876182E-4
0.006696552789274598 1.918734355059531E-4
0.006699117296001935 1.9154017702820443E-4
0.006700052982115302 1.9127911030570596E-4
0.00670262495287548 1.9083332603311707E-4
0.006702922445925437 1.9057848428956673E-4
0.006703622279049639 1.9042601920907243E-4
0.006700684954456135 1.9025742091894222E-4
0.0067012223416239546 1.9003821890712643E-4
0.006699046550869315 1.9010906992514217E-4
0.00670024997711078 1.8973774373302253E-4
0.006704562809249765 1.9020494533695956E-4
0.006700142748040647 1.903901057240563E-4
0.00670015664342134 1.9001769360473127E-4
0.006703069420343488 1.8989946983757544E-4
0.006704164588039153 1.8971357648827817E-4
0.006703444006098229 1.8941381038071412E-4
0.006703604402646223 1.8932486038897588E-4
0.006707196559111608 1.8928555556615314E-4
0.006711508553952043 1.8941040135145765E-4
0.006711813598950683 1.8967740988485058E-4
0.006711892176599214 1.8993136974014362E-4
0.00671413186678102 1.8981153702278444E-4
0.006713076701140589 1.8937081013117895E-4
0.006714609744178827 1.891224391861269E-4
0.00671770919488086 1.8915735529472319E-4
0.006714333868255834 1.8907397615028785E-4
0.006712541305248734 1.886212699475847E-4
0.006710531360995862 1.886357883277532E-4
0.006711740395541384 1.8839445723491558E-4
0.0067113472145293035 1.887547080549709E-4
0.006709297599900932 1.8857281815462258E-4
0.0067063513539735295 1.8845546477506058E-4
0.0067085133353665645 1.8804911516376354E-4
0.006709920724426208 1.879686413748431E-4
0.006712202355397422 1.878119153782593E-4
0.006714878757972341 1.8786053504068646E-4
0.006717094827346752 1.8765143966322742E-4
0.006715494977495335 1.8757368377057506E-4
0.006715767383306735 1.871514065318956E-4
0.006717070451233815 1.8719419556169117E-4
0.006717554731407051 1.8753119331822504E-4
0.006719755214816429 1.8716794533285534E-4
0.006720434136179354 1.8731544924239948E-4
0.006718869530504203 1.86846427365179E-4
0.006719577490839914 1.8696989089748032E-4
0.006718568496829373 1.868601379408172E-4
0.006719557477026105 1.8688385056584084E-4
0.006716403920491014 1.8666812830408128E-4
0.006719732768523184 1.867238640666093E-4
0.006724850576226141 1.8687659923094312E-4
0.006729378031319445 1.8677942362317902E-4
0.006729515440518439 1.8673930734877247E-4
0.00673037356059814 1.8660313777472745E-4
0.00673005578526246 1.862219939532663E-4
0.006729896977589027 1.8667065987226265E-4
0.006728838952022224 1.8652791297704246E-4
0.006729237923770715 1.863598356888326E-4
0.006729019182421994 1.8624991377469118E-4
0.006727268946187814 1.8662870202169665E-4
0.006727603937606958 1.8657967164973288E-4
0.006728494644005529 1.8646801903788638E-4
0.006722843252158586 1.8620975093565047E-4
0.006726402709141377 1.862058701425698E-4
0.0067281363322623305 1.8609501388133174E-4
0.0067281269748295635 1.8583630476138398E-4
0.006730840442939145 1.857457819749613E-4
0.006727671932921756 1.8600447984939088E-4
0.006728067075065059 1.8588631386916134E-4
0.0067262889368449276 1.857487189654761E-4
0.006729625586209539 1.8561990997319853E-4
0.006726333160222185 1.8569216863618233E-4
0.006723635586224959 1.852551982063688E-4
0.006723177883007398 1.8522785595894765E-4
0.006720213691651287 1.8513227098476215E-4
0.006720642978812718 1.851817332179232E-4
0.00672283645614155 1.8508607886565234E-4
0.006727803757708501 1.8538451557157399E-4
0.006727270395041821 1.8569142356980177E-4
0.006723858364037368 1.8583111950317576E-4
0.006723849315510132 1.858100313917217E-4
0.006722294960057286 1.8570484373733013E-4
0.0067221931335314095 1.853912596441709E-4
0.006722067382313783 1.8535784840134119E-4
0.006722517604903823 1.854717557466926E-4
0.00672217140950586 1.8552408025437553E-4
0.006720602277987537 1.8523842079231658E-4
0.0067207924707182965 1.85023021840649E-4
0.006722647081137725 1.8484613768926137E-4
0.006721540528778762 1.8444804472467037E-4
0.006721286502580172 1.841791193200306E-4
0.006722280996823809 1.8357479576325682E-4
0.006722064028944919 1.8339529093423695E-4
0.006721266224064958 1.8329451868437672E-4
0.0067237858900990105 1.83279480717701E-4
0.006724121762925874 1.8304151945725534E-4
0.006722943488594163 1.8294058236894038E-4
0.0067207758141371084 1.8251717959299164E-4
0.006718855902379189 1.8190077985745862E-4
0.006717776408431004 1.8203568138809478E-4
0.006717570300951615 1.8202751530084095E-4
0.006716527527493807 1.816745598339237E-4
0.00672164695873353 1.8159016289409727E-4
0.006718478048226879 1.8179354200811642E-4
0.006718520502881539 1.8173339814220164E-4
0.006719644146696629 1.815695596589719E-4
0.006719152322605182 1.8154083608931763E-4
0.0067167039348581285 1.819120198964718E-4
0.006719988968866585 1.818315384968136E-4
0.006718418523549828 1.8152646755583763E-4
0.0067158214779208325 1.8128766467815773E-4
0.006717362361952603 1.814664843372383E-4
0.006720323809900425 1.8152916468148046E-4
0.006723750464561853 1.8149808865552508E-4
0.006718171210712062 1.8126349711513554E-4
0.006715689736807819 1.8125452778319345E-4
0.006722760400276134 1.8160868981047883E-4
0.006725071921937019 1.815832257832795E-4
0.00672347491518333 1.8135623590627046E-4
0.00672132875327948 1.8134787426015412E-4
0.00672234461465114 1.8116597729166839E-4
0.006717543053299975 1.8153282128447403E-4
0.006718703067975754 1.8119532350431285E-4
0.006717386715374248 1.8119861292763015E-4
0.006713523806965048 1.810848599439732E-4
0.006715598517811327 1.8113584114033167E-4
0.006714716826428128 1.8074164445885352E-4
0.006711982940299988 1.8047553819197312E-4
0.00671390826818069 1.8059094582801677E-4
0.006713846047157877 1.8045380338939352E-4
0.006709875576584505 1.8039109663826175E-4
0.006708707120784531 1.8027800959855288E-4
0.006713232232404918 1.8051626831734328E-4
0.006712906838176956 1.8035378717097888E-4
0.006715531090473983 1.8058052859222162E-4
0.00671440246804568 1.804961469168327E-4
0.006715080480910761 1.8012962281037162E-4
0.0067167487007488355 1.8029650733396654E-4
0.006714849552707558 1.8027138916236615E-4
0.006718293748456877 1.8020697528980576E-4
0.0067228742916656545 1.800257773975127E-4
0.006724278815108082 1.7988823125705182E-4
0.006725172152761571 1.7988772080291475E-4
0.006722450111075848 1.7986387243966537E-4
0.006726842338012406 1.798165486592344E-4
0.006729401679168411 1.7970800618667253E-4
0.0067304791616451054 1.793892119389786E-4
0.006728349312922249 1.7897599373224233E-4
0.006726325104085255 1.7903290054916622E-4
0.006727515610065851 1.789054937140923E-4
0.006727097982403117 1.7910087476362107E-4
0.006731152109659869 1.7921706288372908E-4
0.006731571140127601 1.7924885131591795E-4
0.006734041415531273 1.7906967955756405E-4
0.006732195462710392 1.7900992009743755E-4
0.006733921131762932 1.790834459211523E-4
0.006732429997040993 1.7895229791733383E-4
0.006732287174838468 1.792758776539016E-4
0.006731870319176123 1.791111523661769E-4
0.006733839084537452 1.7878756988426583E-4
0.00673458036425806 1.7881484477993731E-4
0.00673478833485103 1.788717341968906E-4
0.006733287966358725 1.7860218112515706E-4
0.0067319566632306396 1.7877645623477263E-4
0.006727629547438868 1.785811004672737E-4
0.006727575162797029 1.783602344689922E-4
0.006728692959246637 1.7830620026803643E-4
0.006726185164577689 1.784245146593075E-4
0.006727383598518072 1.7829989702257038E-4
0.006724540789991631 1.7831765991410442E-4
0.00672371352090352 1.7825965155116318E-4
0.00672324238901725 1.782029982986463E-4
0.006725369764891116 1.7818502492536586E-4
0.006725696257231903 1.7820972825926442E-4
0.0067259834451525325 1.783167940693428E-4
0.006727244917703439 1.7846041910934846E-4
0.006726241600228661 1.7840774011608726E-4
0.006724028704283494 1.7814171594350542E-4
0.006723131739405349 1.784750954711736E-4
0.00672242988380578 1.7844780036032888E-4
0.006721281051546166 1.783674526782504E-4
0.006721924286458013 1.781121817793133E-4
0.006718399981895113 1.7807592679165124E-4
0.006718810315439828 1.7802720905595149E-4
0.006719347016661159 1.7819770897462337E-4
0.006724411928638723 1.7815451025796539E-4
0.006721811811811018 1.7827357686682385E-4
0.006718992181383261 1.783025105116892E-4
0.006718677459298768 1.7802177201409991E-4
0.006717940435617172 1.781851379067319E-4
0.006717213418530739 1.7836682873075173E-4
0.006717329606882928 1.7812230630460135E-4
0.006712805299082225 1.7788874965204686E-4
0.006715573700236524 1.7761036007417415E-4
0.006715702525005018 1.77389958488805E-4
0.00671586270244293 1.775741669116267E-4
0.0067152499319962046 1.7738603324045257E-4
0.006713726018948555 1.773641060424071E-4
0.006710507304805131 1.7766011317080078E-4
0.0067137396085778225 1.7758857687883003E-4
0.006712283779525162 1.7768772754645187E-4
0.0067165444186411336 1.776791749496717E-4
0.006715704053510716 1.7760304213027673E-4
0.006718172065770997 1.7752805790330616E-4
0.006717482821785733 1.7763066088116584E-4
0.006717533580494597 1.7742818838428602E-4
0.006715675258803046 1.7747644553444363E-4
0.006718066312263507 1.774006825164709E-4
0.006717716838788677 1.7737592027877578E-4
0.006716365369147315 1.774776800434458E-4
0.006715068122300874 1.775200505856527E-4
0.006713405128603606 1.776800760032006E-4
0.006714476485389914 1.775975045717132E-4
0.006711247629138518 1.7773161289666518E-4
0.006710726161622859 1.7743319259513538E-4
0.00670892818146666 1.7759297648380117E-4
0.006708212649600368 1.7782384397369832E-4
0.006703934284328704 1.7772235082556308E-4
0.006705587510969553 1.7750750638885121E-4
0.006705531268892264 1.7765760069966857E-4
0.006705337174158312 1.7762311525914686E-4
0.006704508221584098 1.772475394949585E-4
0.006702726946367819 1.7722623909045823E-4
0.006698236163250645 1.767721672367455E-4
0.006695887831667732 1.7666142356213192E-4
0.006697217880941187 1.766240978047208E-4
0.00669619095690448 1.7653312464008687E-4
0.0066944407532932276 1.7649845529541723E-4
0.0066926695468934976 1.7647056169976469E-4
0.006692253552959891 1.7642961673837855E-4
0.006693787107664835 1.7628888875928636E-4
0.006692151747673215 1.7621897023717387E-4
0.006691134728532941 1.7625158548767745E-4
0.006687866786103356 1.7625190875705335E-4
0.006687893769135058 1.7598858889700494E-4
0.006687718055412839 1.7594466927035613E-4
0.006685111780015105 1.760348377440022E-4
0.006687241736970467 1.7633614796528757E-4
0.006685156458679307 1.7619664194215857E-4
0.006683838034767195 1.7600394659919997E-4
0.006680826719026109 1.7605489391914843E-4
0.006683085682073469 1.7608867218799052E-4
0.006682200301966272 1.758366468949201E-4
0.006683775150301013 1.7574365184726173E-4
0.00668196387945941 1.754513857715501E-4
0.006683947829347662 1.7539389435166137E-4
0.0066815710965961546 1.7537462902900093E-4
0.006677906309231058 1.7506751114275225E-4
0.00668040508007723 1.7510277315714752E-4
0.006677609842576115 1.748918898262771E-4
0.0066747073024401105 1.7456118322394892E-4
0.006676014094890095 1.741397126015068E-4
0.006677220011030072 1.7394398026594657E-4
0.006675015478847617 1.739648279966397E-4
0.00667481329619759 1.736157077772943E-4
0.006676174219102922 1.7348701756714267E-4
0.006677629542283501 1.7361192901194086E-4
0.006679229943634796 1.73435121779341E-4
0.006676462517620251 1.734708134969621E-4
0.006678834285410383 1.7361456616933623E-4
0.006675907286499331 1.7373250873003903E-4
0.006673554463418069 1.7370903195667158E-4
0.006672222693974472 1.7390986897332952E-4
0.006670982461441445 1.7378782077096571E-4
0.00667097045340395 1.7372055927555077E-4
0.006669785386678272 1.7374395070941383E-4
0.0066699181183427474 1.735197854106622E-4
0.0066712866826243375 1.7349677835028853E-4
0.006671909665716469 1.7346403650472127E-4
0.006674155321808997 1.7347344449942967E-4
0.006671960599052339 1.7354444439777333E-4
0.006671148923036517 1.736799653501718E-4
0.006670919422045109 1.734630440774972E-4
0.006670934720275567 1.7325982708478073E-4
0.006670958227190696 1.7332895889902018E-4
0.006668638382952281 1.7320381939426276E-4
0.0066699376409574225 1.733210130249635E-4
0.006670109752671862 1.7352882614714234E-4
0.006670213622805575 1.732623988115885E-4
0.0066690631456321845 1.7312644110627982E-4
0.006667982240528225 1.7297158961920243E-4
0.006672059542126938 1.7268186566810924E-4
0.006671271598545149 1.727153710913043E-4
0.0066728810390141065 1.7258632796096198E-4
0.006672238425965907 1.7251502570359917E-4
0.006673229428177278 1.7261391952283272E-4
0.0066745906876372035 1.7259388566215667E-4
0.006675744771311584 1.7239106737421567E-4
0.0066771607078635695 1.720360588930617E-4
0.006676715840635623 1.7191991913456423E-4
0.00667723820661478 1.717216037226202E-4
0.006679018296159506 1.7178670253506224E-4
0.006679783379570283 1.7150122177744557E-4
0.006679713985112096 1.715952546096708E-4
0.006679813329133301 1.7155665605979653E-4
0.006680075403806198 1.7160628531420947E-4
0.006680908259628466 1.7146248258138484E-4
0.006682661346025713 1.7111279963169586E-4
0.006684837864091011 1.708507169378656E-4
0.006684459806183461 1.7091306176130817E-4
0.006686892927161234 1.7085962802277795E-4
0.006688292303317269 1.7085695193051523E-4
0.006687680533626626 1.7046299109848157E-4
0.006688425379676372 1.7017855941595922E-4
0.006689217606840821 1.7010327043861118E-4
0.006688321587226062 1.7004055135360109E-4
0.0066893818682180195 1.6995727824223441E-4
0.006689290456804288 1.6985719932223118E-4
0.006689632232963439 1.6972775475770886E-4
0.006690123821222598 1.6976163090233048E-4
0.006690426602295819 1.6956922725322224E-4
0.006690762239982184 1.6948528175689893E-4
0.006690436999241262 1.6937030171169722E-4
0.006689204480333817 1.6915469183390212E-4
0.006686022906199312 1.6930191558498702E-4
0.006688586304676714 1.692558396354305E-4
0.006687575892350452 1.6928994682903427E-4
0.006689324943011872 1.6925452265335392E-4
0.00668963675864421 1.692816746309499E-4
0.006690163853891066 1.6931247035210969E-4
0.006687505255783316 1.6914142729724437E-4
0.006688206521305577 1.6905663297841903E-4
0.006689826215571389 1.6894231998212082E-4
0.006688699327204879 1.6900136472455864E-4
0.006686730933001536 1.6898309888951378E-4
0.006688067002660777 1.6894688639086382E-4
0.0066868301939844894 1.686492526062279E-4
0.006686022378444549 1.6867943253275487E-4
0.006686068367805355 1.6857204181117412E-4
0.0066851536639289215 1.684109057706079E-4
0.006686445623206739 1.6837762188435222E-4
0.006687027569792149 1.683867149921301E-4
0.006687883278005573 1.6820091189824845E-4
0.0066901684085993755 1.6798001647786503E-4
0.006691487016008532 1.6771341403481877E-4
0.006690249221404501 1.6791659258598584E-4
0.00669296399461081 1.67605162869856E-4
0.006694338867705327 1.6776843452818342E-4
0.006694646188653064 1.6777393589760596E-4
0.006694672010158946 1.6774733081478647E-4
0.006695278686186447 1.6763220035010705E-4
0.00669534845680002 1.6759800454969306E-4
0.006697703828807468 1.6744571750790642E-4
0.006696877101913694 1.6739744114561517E-4
0.006697457441108363 1.6752279582272995E-4
0.0066962286733182625 1.6753387766846819E-4
0.006695495134441195 1.6767126221486537E-4
0.006694945357910391 1.6770777340193447E-4
0.006694312674194349 1.675391207192304E-4
0.006692074165826283 1.678320025428064E-4
0.006691732286341109 1.6780386427872254E-4
0.006691915438940934 1.6780127420091938E-4
0.006693148911553546 1.6764561723540866E-4
0.006692485516899135 1.6771656533730235E-4
0.006693330633145598 1.6768473708921058E-4
0.006693528159686097 1.676047546553556E-4
0.006692526523209564 1.676071533405979E-4
0.006693592301640266 1.6748787169824556E-4
0.0066919167866808064 1.6750218529968037E-4
0.006693213829104701 1.6730354248576033E-4
0.006691797395055875 1.6713149682169042E-4
0.006690521842786561 1.669772303645391E-4
0.006690482388931431 1.6696292611332716E-4
0.006695091475487581 1.669201527813357E-4
0.006695865499066102 1.669301697034043E-4
0.006694943236791308 1.6660200117391298E-4
0.0066946347250126225 1.6645159037434508E-4
0.0066938195154692395 1.6640065881967658E-4
0.006693273223634232 1.662870877947549E-4
0.0066913288288595685 1.662955537003827E-4
0.006692417777299799 1.658971695062541E-4
0.006692979341710473 1.6592922558715713E-4
0.006692217687631367 1.656960048792603E-4
0.00669412408377807 1.658374837027384E-4
0.006693648344186698 1.6583473684406567E-4
0.0066935515663283165 1.6589385387167158E-4
0.006694202603694795 1.6597552597231595E-4
0.006695476785069938 1.6602840525786522E-4
0.0066960265312328545 1.6593710685886573E-4
0.006696289568453239 1.6586618405936668E-4
0.006695093482968678 1.657602572426695E-4
0.0066957139756687115 1.6585781131369287E-4
0.00669691358799049 1.6590173125545577E-4
0.006698224782496251 1.657101696601527E-4
0.006698681739234067 1.6566286146386957E-4
0.006697587323757407 1.6596683125247427E-4
0.006698010464745108 1.658747381054437E-4
0.006698561074714553 1.655764106697269E-4
0.006697959444329262 1.655101773286716E-4
0.006695149018305821 1.6537935910043247E-4
0.006695129614719986 1.6528422366835903E-4
0.006695342195167739 1.6515750188140244E-4
0.006696844631776037 1.649103622595153E-4
0.006699005939154578 1.6496908352462043E-4
0.006702624559323807 1.6478978582580762E-4
0.006702141117406039 1.6456037341719542E-4
0.006703841211237689 1.646207045562631E-4
0.006703505347714101 1.6465779796612465E-4
0.00670590754643665 1.6445525312416595E-4
0.006706629106242517 1.640865190419001E-4
0.0067050314343000345 1.6389206438075917E-4
0.006707500129478435 1.641179155115131E-4
0.006710429864671328 1.6407557423206193E-4
0.006709297743961697 1.638362570721331E-4
0.006709285008254017 1.6391261907248804E-4
0.006708681360517963 1.6400995617653618E-4
0.006709491863979668 1.6394769265400694E-4
0.006710372767102402 1.637826120352198E-4
0.0067102112129151055 1.636311862921562E-4
0.006710625065626394 1.6341673803996903E-4
0.006710167071751778 1.6346066897387836E-4
0.00670991858627496 1.63455137057473E-4
0.006709137138027363 1.635307865122966E-4
0.0067083766126774715 1.6336721363160417E-4
0.006709692806859066 1.6331752139482386E-4
0.006709119657215396 1.6351092708616753E-4
0.006709137443304544 1.637545694344306E-4
0.0067093684630933174 1.636879672071177E-4
0.0067105333914122545 1.6364299865682204E-4
0.006708603555058013 1.6363307273206017E-4
0.006708779462469755 1.6370906708704824E-4
0.0067093200184273685 1.6367976739354044E-4
0.006711777552904255 1.6350794024708044E-4
0.006712001550104015 1.6360707381445628E-4
0.006711173082134823 1.6349035472496207E-4
0.0067088768773858705 1.6321105953120613E-4
0.006708755966909176 1.6322505940968106E-4
0.006706228497857691 1.6317862175123344E-4
0.006705399739832356 1.6315794643441376E-4
0.006706496511910937 1.6311961148888463E-4
0.006708470589318494 1.6320990067270747E-4
0.006709600965204495 1.6330231544894522E-4
0.006711420649597964 1.631149189896153E-4
0.006710617060584055 1.6312074212439408E-4
0.006709894331913357 1.6291749283650576E-4
0.0067085046950326275 1.6266212909852836E-4
0.006710089428099123 1.6256213550188813E-4
0.006709266474623628 1.625960748907376E-4
0.006710265687207936 1.6261860154413266E-4
0.0067089008540007905 1.6259947274241E-4
0.0067078048171502315 1.626944284592527E-4
0.0067082964502225085 1.6279414056800368E-4
0.006706894896626328 1.6282886995764946E-4
0.006707074418446664 1.6257876257459917E-4
0.006706396154442522 1.626370260725163E-4
0.006705814548791544 1.6257321822269719E-4
0.006705366293521725 1.6250444342958697E-4
0.006705709295857937 1.6242641294803335E-4
0.0067033214203083705 1.6233514835580317E-4
0.006704354028422305 1.6220314798744476E-4
0.006701955956300992 1.6228315791565654E-4
0.006703654640083176 1.621980792043127E-4
0.006705801248560563 1.6210589399204785E-4
0.006703019976263227 1.61895110778916E-4
0.006701777321709507 1.6166202339970917E-4
0.0066992105062679925 1.6161824707547568E-4
0.006697081125673708 1.6160894093815572E-4
0.006697788793317197 1.6160417571523496E-4
0.00669940235046357 1.612654311268413E-4
0.006699918908877722 1.6120908825464287E-4
0.006701701326418483 1.6122951722091772E-4
0.006701824590343624 1.611349699094027E-4
0.006698703980897454 1.6098823253426974E-4
0.006697796417421065 1.6124118483018643E-4
0.006698722185207262 1.61064746840019E-4
0.0066980374377861454 1.611002374744846E-4
0.006698760725078529 1.6103977379202988E-4
0.00670046504402817 1.609463211674055E-4
0.006699654261884609 1.608479883998848E-4
0.00670006641939345 1.609765308401505E-4
0.00669957876158691 1.609967882128785E-4
0.006699304128099895 1.6097645757993186E-4
0.006697910908630557 1.6104798966830048E-4
0.0066967693559416815 1.610304972842001E-4
0.006696442279319988 1.6103573574199472E-4
0.0066961264584129085 1.6102142995682545E-4
0.006694964158715389 1.6116624214920585E-4
0.006693566082243948 1.6110294752458485E-4
0.00669446110929991 1.6120734347821868E-4
0.006694246996700989 1.6112427810867531E-4
0.0066946692681252315 1.6113972274516534E-4
0.006696085276219861 1.6121390956172916E-4
0.006696937892596265 1.6120456710425496E-4
0.006701364039437804 1.611470955301165E-4
0.0067025313321555395 1.610005146926205E-4
0.006702427725194433 1.60889143211482E-4
0.0067017781852031525 1.6087730601584894E-4
0.006703756285228995 1.607968529292359E-4
0.006704965799320208 1.6080751218939385E-4
0.006703430745610122 1.6075235127815788E-4
0.006704830435275322 1.604238484218028E-4
0.006705306404257264 1.6048193279448605E-4
0.006707779270179294 1.6059640016870074E-4
0.006709422084501756 1.60492201118122E-4
0.0067086073798606986 1.6036744724222924E-4
0.006708507218125132 1.602199084130476E-4
0.006709274371537105 1.602655270038832E-4
0.0067095425086542955 1.6045513268768668E-4
0.006706234364899439 1.6030584641931953E-4
0.0067066920424698065 1.6028941227285215E-4
0.006706009173826926 1.6036198241573826E-4
0.00670390527544766 1.603203591914999E-4
0.006704135470607119 1.6034263906207128E-4
0.006706206337645794 1.6043223043193933E-4
0.0067044973531808945 1.601614572983291E-4
0.006704473030129626 1.6008816638505253E-4
0.006705601725444322 1.6007275317819357E-4
0.006706392832459922 1.6005674326132843E-4
0.0067053433550770475 1.5996054994767297E-4
0.006706503998801152 1.601249751478356E-4
0.006705026720372742 1.6028798708290197E-4
0.006706496577662813 1.6040471575929602E-4
0.006709360619064356 1.6038701612687797E-4
0.006708712866432638 1.6051364071677612E-4
0.006710809509719814 1.6058238884545943E-4
0.006711505295869032 1.6049222748468594E-4
0.00670857249051593 1.6060115676629004E-4
0.0067095021233039825 1.6065019646986417E-4
0.006709624241784502 1.6052185048053515E-4
0.006711325863377736 1.605007311966025E-4
0.006711514297142995 1.6059298861927567E-4
0.006710713146559686 1.6059319978746294E-4
0.0067097158286609036 1.605927147449881E-4
0.006710738418388173 1.606405100106176E-4
0.006707759551943531 1.6052768012257538E-4
0.006709152509782231 1.6032062039634496E-4
0.006710432561318187 1.6046239479627612E-4
0.006711656835038212 1.6027448487978207E-4
0.006711234524923693 1.6027533520194398E-4
0.00671268411477506 1.6012717457972704E-4
0.006712045232717537 1.599629075563044E-4
0.006713350230134207 1.5991132165642946E-4
0.006712589888446644 1.6006066688363797E-4
0.006711928417769989 1.5991869609576626E-4
0.006713227004559438 1.5999123196636328E-4
0.006713555572267999 1.601699081043622E-4
0.006712655954363883 1.600522452311301E-4
0.006712990719791197 1.600904983173849E-4
0.006713198062216321 1.6014928579476616E-4
0.0067102320208584625 1.6016779067933788E-4
0.006709875106104328 1.600490832997245E-4
0.006708347847270833 1.59906203896038E-4
0.006710253510511895 1.59979789435278E-4
0.006711141304048092 1.5984873655498522E-4
0.006712377982963771 1.5990435259073037E-4
0.006712586865094034 1.5997453076644431E-4
0.006712142745646639 1.5998510493507042E-4
0.006711277187629645 1.6003494039246646E-4
0.0067107760118909005 1.6007537605097134E-4
0.006709550811721973 1.6015815136450923E-4
0.006709265259916556 1.6007814385740865E-4
0.006710250596369137 1.6028985048314453E-4
0.006710711084318426 1.6039273563203443E-4
0.006710988839274323 1.6034311033870317E-4
0.006711414564120267 1.6037940641305796E-4
0.006710416282717367 1.6038011063876386E-4
0.0067095067657882606 1.6049023966658264E-4
0.006708193786091055 1.6050582450074976E-4
0.006707828405385022 1.6060808244963286E-4
0.0067084787634948215 1.6054492147041157E-4
0.006707373931673954 1.6061616066596389E-4
0.006707638185749886 1.6063020351382532E-4
0.006707578650121896 1.6073102302762747E-4
0.006707899093097077 1.6069986743366015E-4
0.006709235545733188 1.6057764749066557E-4
0.006709076182944111 1.6037088615319714E-4
0.006710223196606933 1.6028959755978934E-4
0.006709987183569549 1.6051258898121463E-4
0.006709274707345247 1.604447881511011E-4
0.006708117661188567 1.6036269618201424E-4
0.006709128860784841 1.601554722179801E-4
0.006709167668977439 1.6027489091153852E-4
0.006708284070420149 1.601057781089333E-4
0.006709034216778783 1.601620596627596E-4
0.006710440277787976 1.6005763376116016E-4
0.006709868043004557 1.5962671859830798E-4
0.0067107843363947055 1.5978186255148408E-4
0.006712025902666412 1.5983416790963317E-4
0.006711188945109937 1.5973100071352755E-4
0.006711554740266409 1.5979930049065067E-4
0.006710092512020744 1.5972841579230525E-4
0.006711530293407552 1.5979940369487925E-4
0.006713234066698046 1.5987179523646345E-4
0.006713588595074637 1.599424863652822E-4
0.006714710069081115 1.600116465281965E-4
0.0067162891237412415 1.5999873086503804E-4
0.006718519985634976 1.600710502581817E-4
0.006720402215450878 1.598357746076163E-4
0.006721476025385385 1.5992815572540896E-4
0.006721726291207093 1.59981376684014E-4
0.0067213597907462815 1.5993641270670804E-4
0.006721891602756255 1.60076200409872E-4
0.006722064601725338 1.5979048086604207E-4
0.006721651219567012 1.5967340824842418E-4
0.0067217757549665825 1.5962022125545056E-4
0.006721068031061163 1.5962159163518725E-4
0.006723329883936214 1.5974472473146562E-4
0.006723386538024227 1.5951343938593198E-4
0.006722757135039753 1.5948387880491952E-4
0.006724175609866371 1.5941990445609612E-4
0.006724686037257699 1.595344597914766E-4
0.006724887559869186 1.5955147041127598E-4
0.006726163640267255 1.593675747899337E-4
0.006726254587212075 1.5946871804939117E-4
0.006727662324027133 1.5944023206293064E-4
0.006728770525485968 1.5941489707707772E-4
0.006729097550056184 1.5941555031691564E-4
0.0067298073910509355 1.5926366685987427E-4
0.0067292957863642625 1.5912445692718095E-4
0.00672797958158111 1.592128258471128E-4
0.006725721939165468 1.5933706488344333E-4
0.006723915485907426 1.5943426485238174E-4
0.006725829452956832 1.5928824504280308E-4
0.00672524289350153 1.5922691369200297E-4
0.006725801543753248 1.5929178715319852E-4
0.0067256471466232755 1.592472997431283E-4
0.006723848100373286 1.5930265712837353E-4
0.0067217784146023285 1.5920373133851241E-4
0.006722200825624085 1.5916155658564924E-4
0.006721983799061615 1.5919785085308127E-4
0.0067230892947456825 1.5920120672133678E-4
0.006722832902444603 1.593497642404515E-4
0.006724009518711676 1.5933622695201398E-4
0.006724226869650542 1.591015056200521E-4
0.006721839039686647 1.5902018539282282E-4
0.006723137562676735 1.5909649942699863E-4
0.006723807553547693 1.588895688930319E-4
0.006722407348504482 1.590720186631094E-4
0.006723810060884555 1.591826237497171E-4
0.006723259659724043 1.5915365780628886E-4
0.006723740691765556 1.5926586436540527E-4
0.006723641112339814 1.5925202636107668E-4
0.006724311509927144 1.5915241274447732E-4
0.006723645480803228 1.5930229426753807E-4
0.00672316873959717 1.5930710008194268E-4
0.006722321897023118 1.5937929919352295E-4
0.006722559590144185 1.592973060951115E-4
0.006722836456682222 1.5924671249726034E-4
0.0067246727348259944 1.5944669793640994E-4
0.006726133402156382 1.5929349995939953E-4
0.006724938563794606 1.592000013065181E-4
0.006726071448685586 1.5917874175846604E-4
0.006726945778829822 1.5912281147412649E-4
0.006726321862977898 1.5926901106326963E-4
0.0067257888859341 1.5927406049674587E-4
0.006725739007358003 1.5929290821092864E-4
0.006724725017757871 1.5921275212432841E-4
0.006723279764231299 1.5909928798204918E-4
0.006721995123183538 1.5923883146456354E-4
0.006721901310089522 1.591622056377172E-4
0.006721995745342758 1.59176199548537E-4
0.006721396078850598 1.5920873054980239E-4
0.006722628353964326 1.5923839598136046E-4
0.006721555537483675 1.59449967126008E-4
0.006721619172256098 1.5945042435462224E-4
0.006722874046707297 1.5940601104755476E-4
0.0067240042509911285 1.5944030157010136E-4
0.006724549193466695 1.5952009068748488E-4
0.006723740822488163 1.5945730576204627E-4
0.00672363483959839 1.5936335389636348E-4
0.006722222381148832 1.5944340216808304E-4
0.006721169117311621 1.5944034285396644E-4
0.006720708518434281 1.5953899419071093E-4
0.006719117324102795 1.5953339837984165E-4
0.006719605343064015 1.597090452644807E-4
0.006720798124581479 1.5952832821251075E-4
0.006721449976341151 1.5959997372539688E-4
0.006719977159924673 1.5956328125328853E-4
0.006720919303662212 1.5972072314881134E-4
0.006720546492182545 1.596669043777433E-4
0.00671983599587891 1.5948055846961033E-4
0.006721467434168787 1.594684156094851E-4
0.006721299449921522 1.5928975779020736E-4
0.006719607474812518 1.5936900494356994E-4
0.006719211119542171 1.5918399394010543E-4
0.006719877692656409 1.5888574975943124E-4
0.006719738310758078 1.5890229112958907E-4
0.006721810080727545 1.591753083634185E-4
0.006722666278214547 1.5925743823919582E-4
0.006722259491380677 1.5930745520113064E-4
0.006725013175236688 1.5934322986554345E-4
0.006724438054549942 1.593152023523342E-4
0.006724757452487581 1.5919272925421304E-4
0.006725490436312306 1.5914915861890973E-4
0.006725590431088594 1.5905578426863844E-4
0.0067249216573638014 1.5874551192494255E-4
0.006722545245113423 1.587585128756474E-4
0.006722824132243463 1.5866898882557903E-4
0.006723491560241576 1.5865547140628565E-4
0.006723877394541274 1.58714142163386E-4
0.006722682549560947 1.5862062032105076E-4
0.0067236520867173495 1.5854559758220603E-4
0.006722770494835131 1.5847923012060104E-4
0.006722081516503914 1.5849611787258604E-4
0.006723380140476698 1.5849269737715986E-4
0.006721722665707104 1.58563198767883E-4
0.006720101373265498 1.5861223340498827E-4
0.006720353528216125 1.5845364390633813E-4
0.00671951931712652 1.5847014416953042E-4
0.00671671728765526 1.586322371200312E-4
0.006717028658213555 1.5869617846178243E-4
0.00671627294852407 1.5878908748775657E-4
0.006715204961238201 1.588653980111285E-4
0.006715291536348506 1.5871205610961823E-4
0.0067155819944814624 1.5879273828131287E-4
0.006715286723636768 1.5879273713630373E-4
0.006713951333135967 1.5870527532566716E-4
0.006715921015777057 1.5877699814422606E-4
0.006714347181782949 1.5857679487160978E-4
0.006711288187026705 1.585607797435655E-4
0.006710725013015988 1.586817558175921E-4
0.006711406911862458 1.5856234318564565E-4
0.006708682340555177 1.58333960664514E-4
0.006708422528380868 1.5824086976173922E-4
0.006706197264011511 1.5831214222866566E-4
0.006705376947332497 1.5828390431322652E-4
0.006704269234828761 1.5810729761669634E-4
0.006703350058654096 1.5805091121092002E-4
0.00670463374896468 1.581153189774927E-4
0.006704978743776537 1.5806146797520313E-4
0.006704585900186895 1.579895939023928E-4
0.006704530724035095 1.5788567311960289E-4
0.006703638985362409 1.5781601609928916E-4
0.0067035504720260345 1.5780278836146554E-4
0.0067024587269128855 1.5785568618941303E-4
0.006703128909362619 1.5777481130276836E-4
0.006701862285034724 1.577889337279409E-4
0.006701781453746101 1.5771700042765653E-4
0.006701411873403164 1.5761804225808163E-4
0.006702498760777164 1.5762369146538941E-4
0.006700856415403098 1.576649288062657E-4
0.006700204866023268 1.5757630512391158E-4
0.006699039119825525 1.5747737965512466E-4
0.006698306249328885 1.5754417474814106E-4
0.006697410209739475 1.5763347576631565E-4
0.006697994730483514 1.5745378583857076E-4
0.006697406468006492 1.575280322726147E-4
0.006696364867297771 1.5745549618657328E-4
0.0066946857572168835 1.5723392781614157E-4
0.006693832792927509 1.5735397804484812E-4
0.006694551698472941 1.5738870137560278E-4
0.006693108637724353 1.573877118702419E-4
0.006693101450829976 1.5726103379646168E-4
0.0066932261925548115 1.5719196234165493E-4
0.00669411363238364 1.5728456966856158E-4
0.006692858112407992 1.5714846936844626E-4
0.00669209042779452 1.5719216332377704E-4
0.006692610988261719 1.573095390062893E-4
0.006692289671281825 1.5698948958124863E-4
0.006690741024960694 1.5698062100479124E-4
0.006692541866082093 1.572551823219365E-4
0.006693857876965029 1.5703964028584885E-4
0.006695756987395998 1.5689195521433595E-4
0.006696703651765569 1.5693584551681132E-4
0.006697489652312843 1.5686902809186663E-4
0.006698121089148634 1.5661591783028392E-4
0.006697082278537535 1.56542625285865E-4
0.006695061897649307 1.565976776657212E-4
0.006693385289175837 1.56660319131339E-4
0.006692997963564888 1.5657148529340557E-4
0.006693191419467464 1.563927396718052E-4
0.006692954250407033 1.5638386194832056E-4
0.006691862264618392 1.5639157164114834E-4
0.0066932944786422845 1.5634031951414776E-4
0.006693201136193146 1.5642844495865593E-4
0.006693107441641795 1.5641843956519999E-4
0.006692238049811691 1.563529616516974E-4
0.006691294922243112 1.5624909925580758E-4
0.006691202611695381 1.5619687759016763E-4
0.006691111441578447 1.5612243544785355E-4
0.006690457593647195 1.5600867799194128E-4
0.00668927423359226 1.5604016167999665E-4
0.006689871417937378 1.560053279680345E-4
0.006690699217966404 1.5589003428931124E-4
0.0066908505883383875 1.559487714536786E-4
0.006692620519112678 1.559715010355436E-4
0.006694737507915891 1.5595663717152717E-4
0.006694689548348742 1.559387713384239E-4
0.006694650637377984 1.5591209819792903E-4
0.006695429052838617 1.5567356339780042E-4
0.006694456746943921 1.5573286436434294E-4
0.006694827595503779 1.5576811124308866E-4
0.006695557605062691 1.555245345848865E-4
0.006695049014239464 1.5549235725829532E-4
0.006696405088505879 1.5527162556062078E-4
0.006695238464084946 1.5500150530497418E-4
0.006695721363161872 1.5497577870302926E-4
0.006695969596581512 1.5502226402111063E-4
0.006696476011343907 1.5499830815546894E-4
0.006698282072059055 1.54991294890345E-4
0.006698201641971254 1.5512888910848997E-4
0.006695888996376548 1.5519608852147484E-4
0.006695732179681749 1.5524994331124492E-4
0.006696405741237209 1.5510576442225152E-4
0.006696095246971108 1.5487704236886248E-4
0.006696335088997627 1.54826014737924E-4
0.006697683474527208 1.5480555600022431E-4
0.00669874601559594 1.5465758148885259E-4
0.0066982398771164775 1.5458096850185337E-4
0.006699295648555601 1.5467009638928765E-4
0.006699517230209193 1.544893396465484E-4
0.006698950260617857 1.5433985039612418E-4
0.006698751605127717 1.542739887329756E-4
0.0066972179132079295 1.543301548387321E-4
0.006698378487628615 1.542383474693417E-4
0.006696847451239336 1.542422197603695E-4
0.0066980416683486855 1.5427554985721694E-4
0.006697843960540238 1.5428203307899614E-4
0.006697528359758182 1.5428673287820756E-4
0.006697955464083476 1.5420823375222295E-4
0.006699227976268123 1.5413251362539503E-4
0.006698903069218634 1.5416291417343206E-4
0.00669838029114503 1.5417920551656668E-4
0.0066976785273015265 1.5399976162978025E-4
0.006697393341679172 1.541052751788099E-4
0.006695585537417838 1.5423473417371198E-4
0.006695974179602931 1.5432464710504637E-4
0.006693896009228334 1.5435565002397167E-4
0.006693750474254979 1.5431517952000103E-4
0.006692515600199107 1.5433271261957056E-4
0.006694585941762633 1.5429117012132838E-4
0.006696133160649024 1.541609998004102E-4
0.006695479195726346 1.5425780033353744E-4
0.006695911841391114 1.5441466476787325E-4
0.006697552301459965 1.5432141669428616E-4
0.006697452390571903 1.543022779575892E-4
0.006697287960195627 1.54156873289287E-4
0.00669666264636295 1.541760200533211E-4
0.006697371712437917 1.540995604755954E-4
0.006697110855466532 1.5402026222451136E-4
0.006700271462963002 1.53818072735667E-4
0.0067011284912622815 1.538665886282892E-4
0.006699927767822911 1.5385073060590062E-4
0.006698883597608862 1.5380452097297798E-4
0.006699578703849603 1.5365906567460443E-4
0.006700071411652108 1.5370427373741086E-4
0.006699059899717177 1.5379473212402271E-4
0.006699262243664065 1.5369753739858755E-4
0.006699449972241841 1.5379856964199757E-4
0.0067004688071283115 1.5380320429969114E-4
0.006699313986862171 1.538905284510115E-4
0.006700753175506887 1.537601769996293E-4
0.006699855827328988 1.5370751755178235E-4
0.006699194037301851 1.536617823343814E-4
0.006698205770630297 1.5357331348371213E-4
0.006698873986918387 1.5366073424605782E-4
0.006698914122773273 1.5362422454441766E-4
0.006699977281899658 1.5357478763119571E-4
0.006700046755437918 1.5358926848772008E-4
0.006699598676076966 1.5362135879292394E-4
0.006699842956800088 1.536015479439946E-4
0.006698703438651702 1.5349229567514645E-4
0.0066968755221735255 1.5334304405719898E-4
0.006696580891358992 1.5332109648130853E-4
0.006696835919009532 1.5322705253848789E-4
0.006695888716061466 1.5324260780463303E-4
0.006696357332950967 1.531530107828121E-4
0.006694844446580989 1.533066004860001E-4
0.006695578235388382 1.5333810370684852E-4
0.006694779813413499 1.5312330038349322E-4
0.006696447895666745 1.5309138998598256E-4
0.006694926780412292 1.530311920959569E-4
0.006695872554954444 1.5282609099606645E-4
0.006696660123689232 1.5277744829884598E-4
0.006697911407051433 1.52775332815847E-4
0.006697834093409952 1.528385362196475E-4
0.0066994073820142944 1.5295799448049853E-4
0.006700564336581159 1.529484248188839E-4
0.006700233017434696 1.5313289940046138E-4
0.00669911739944917 1.530048292702577E-4
0.0066994501939432235 1.5272025424829997E-4
0.0066988616161046885 1.5257742609744795E-4
0.006697697675031415 1.524323418712574E-4
0.006698670491566197 1.5233105229336093E-4
0.006700468280097182 1.5235682476475893E-4
0.00670162353374682 1.5239179972898633E-4
0.006701843481529942 1.5245381219797336E-4
0.0067004803707487685 1.5243052727665547E-4
0.006699665989562597 1.5240396525776015E-4
0.006699112984209227 1.523297307258632E-4
0.006698620247178503 1.5229323055488737E-4
0.006699022725281612 1.523422942446621E-4
0.006699279579542993 1.5231282943181564E-4
0.006700138903375379 1.524383390274007E-4
0.0066983642562942775 1.5253477985855538E-4
0.0066986812403887685 1.5259641325845715E-4
0.00669933584589396 1.5258995052321261E-4
0.006701181168995341 1.5254528527787565E-4
0.00670142119157638 1.5240243986891944E-4
0.006701373065496116 1.5252666344416798E-4
0.00669914757213504 1.5250739008383223E-4
0.006699057385393283 1.52484887227389E-4
0.0066993889227093045 1.523424997069951E-4
0.006698693171167486 1.5238401498747018E-4
0.0067008222500600095 1.5235219356924052E-4
0.006699262072208558 1.5237920028473052E-4
0.006700520213237938 1.523131556157371E-4
0.006700442618661306 1.5236111009011045E-4
0.006700727625017212 1.522914693889908E-4
0.006702138248855621 1.522061725142699E-4
0.0067038564276264735 1.5212938087079173E-4
0.006703414612626687 1.5214172371686896E-4
0.006704213118400691 1.5210966616087363E-4
0.006703918467424259 1.5222030151829485E-4
0.006703397462914871 1.521979953284386E-4
0.006702334487462408 1.520883423842449E-4
0.006701547038843374 1.5175403337998303E-4
0.0067018057087919235 1.5171839964201464E-4
0.0067023991377397705 1.519014714826477E-4
0.006702546254493069 1.5180680628913042E-4
0.0067024620206722705 1.5187023371604247E-4
0.006703434155812393 1.5174081080165925E-4
0.006704561643657164 1.5168739698785894E-4
0.006704782658123106 1.515773133986752E-4
0.00670627443542767 1.514914825442949E-4
0.006706475929887851 1.515739056312781E-4
0.006705523262555737 1.5149900655068752E-4
0.006703619699296578 1.5154327547304086E-4
0.006704616528520974 1.514560888149012E-4
0.006704331511723555 1.5143990745562468E-4
0.006704734637283937 1.5135764430320312E-4
0.006706092797224851 1.5130178857309843E-4
0.006706976873927667 1.5109336797296884E-4
0.006707255539420624 1.5116141833525405E-4
0.0067102165621695745 1.5105291717078302E-4
0.006710170776168379 1.511254139315032E-4
0.006711509456608334 1.5115967007990727E-4
0.006711431018940968 1.5131335550368514E-4
0.006711877601345617 1.5124759015771894E-4
0.006711940411183866 1.5127184629679772E-4
0.006712383701290559 1.5118291716745798E-4
0.0067097307480188766 1.51223090934932E-4
0.006710051380729738 1.5096264541109797E-4
0.006710353498659167 1.5073946268092205E-4
0.006708861862422339 1.5067629169744745E-4
0.006707950819255724 1.5051133249949453E-4
0.006707323484684655 1.5062059804064589E-4
0.006707701705803681 1.5054672010325046E-4
0.006706681297203148 1.5040172169596258E-4
0.006705847872091165 1.5053675102737532E-4
0.006705960341900863 1.5055029138185552E-4
0.006706278639320197 1.5049333098308287E-4
0.006705819053457798 1.5036800038880198E-4
0.006705124044784093 1.5034629086413322E-4
0.006703545440906126 1.5034141104608475E-4
0.006703779556517435 1.5039219124301782E-4
0.006704156249657067 1.505524993421756E-4
0.006704254431890713 1.5058393091812213E-4
0.0067045110796422865 1.5053871025094232E-4
0.006704890410453229 1.5071634038266567E-4
0.006703952957122268 1.507376170863549E-4
0.006706164001495518 1.5064816950640338E-4
0.00670661344147447 1.5058461442233703E-4
0.0067060406218275494 1.5074763406222898E-4
0.006707584361951323 1.5063731200061584E-4
0.006707998267129692 1.5061983921257704E-4
0.006708528379602128 1.5061344946667334E-4
0.006708237062158838 1.505994886692521E-4
0.006707749343817198 1.5060303947020753E-4
0.006706270271004837 1.506219675477359E-4
0.0067066582758869816 1.5071887307410454E-4
0.006706189219855864 1.5059575099660063E-4
0.006706229327410117 1.5064312495177714E-4
0.00670608042082019 1.5048608872736275E-4
0.0067064227383262275 1.5032878358531025E-4
0.006706457705441539 1.503507177505784E-4
0.006707129887139222 1.5029060273110073E-4
0.006706828371419691 1.503091951577185E-4
0.0067076845830404495 1.5038264292582023E-4
0.006707211598400197 1.5030059395407903E-4
0.006707198617456665 1.501410029567263E-4
0.006707386923993558 1.5021212581602778E-4
0.006707848202151192 1.501464704821499E-4
0.006708240961096404 1.5006420481280318E-4
0.006707634040725679 1.499283607671693E-4
0.006708403796746894 1.4981892758171084E-4
0.006707137104280856 1.498326761878612E-4
0.006706296515549161 1.4973853835720686E-4
0.006706314166412904 1.497184193911872E-4
0.006707418443495678 1.497294812178848E-4
0.006705975193846614 1.496347413939881E-4
0.006704570075989712 1.497286780032013E-4
0.006705668019760837 1.496860570190557E-4
0.006706654840812813 1.496462146738409E-4
0.006707819666871702 1.4965164346530144E-4
0.006706838405530888 1.4964152600358243E-4
0.0067069879757894295 1.4953921020680717E-4
0.00670684141871345 1.4957363480026244E-4
0.00670590648791408 1.4951189434922362E-4
0.006706685359449808 1.4948171245478872E-4
0.00670732023098859 1.4954640920117907E-4
0.006707947732291294 1.4944455253954145E-4
0.006707690942872832 1.493979330339543E-4
0.006707821172405849 1.494803901590233E-4
0.006707240672673205 1.4947183223228158E-4
0.006708528211745389 1.494163074613948E-4
0.006707744010551965 1.4949246937242475E-4
0.006707962407722717 1.4952243793560192E-4
0.006708808160315165 1.496213025974666E-4
0.006709866464893163 1.4959605802007341E-4
0.006708911946735333 1.495879911894897E-4
0.006711570193393478 1.4943412676050974E-4
0.006710412073304041 1.4939187682650904E-4
0.006712118330239212 1.4944604210288066E-4
0.006711859854016007 1.494268214577323E-4
0.006711340077303745 1.4928479457120922E-4
0.006712118290840677 1.4917188999322826E-4
0.0067112305181785716 1.4908021381413423E-4
0.006711453283570343 1.4907198719084564E-4
0.006712813039905357 1.4890820399460214E-4
0.006713037255483215 1.487651869569841E-4
0.006712685754069416 1.4880959935272264E-4
0.006711329920760064 1.4881254633703332E-4
0.006709924085062465 1.4880520884062015E-4
0.006709670332494344 1.4871180990185304E-4
0.006708720104814864 1.4874684312981445E-4
0.006709173944937028 1.4882769667324774E-4
0.006707418755440186 1.4866245377362459E-4
0.0067092612962794404 1.4867322668640705E-4
0.006709790800787934 1.4867227572741814E-4
0.006709247236195217 1.4858540906174714E-4
0.006709516590453899 1.4874266130750495E-4
0.006708351463936124 1.487030818146952E-4
0.006708018648614011 1.4879182453390332E-4
0.006708969419210017 1.4860207229701076E-4
0.006710868652963959 1.4848843879000897E-4
0.006710783972599941 1.48630637602123E-4
0.006711909693218854 1.4870083289829253E-4
0.006710743653335234 1.4871737982007302E-4
0.006711089705536804 1.4869268839030628E-4
0.0067104467245793446 1.4865010773580588E-4
0.006710207793111626 1.4848053146402488E-4
0.006709957160645562 1.4842877543681034E-4
0.006708715676924405 1.4848332457748594E-4
0.006708645090216572 1.48382009759162E-4
0.006709793212528811 1.4831910407027776E-4
0.0067088593218988584 1.4835895360976956E-4
0.006710257404231394 1.4828770857235103E-4
0.006711312001405857 1.482255229049562E-4
0.006709606301009506 1.4827887817126954E-4
0.006710145031523053 1.482284395445291E-4
0.006709185479686165 1.4821172404095011E-4
0.006707836875158271 1.48171461510847E-4
0.006708002492881134 1.4816717875805102E-4
0.006707744170549461 1.4805582867008805E-4
0.006707197148558634 1.4793380070677556E-4
0.006704723821500549 1.478678446185309E-4
0.006702909781889396 1.47811017199117E-4
0.00670227471286972 1.4783385674983654E-4
0.006702941629803415 1.4778259099362516E-4
0.006704609826681335 1.478912557466952E-4
0.006706255535857049 1.477603657459693E-4
0.006706615934312344 1.4775261206038476E-4
0.006706117950945403 1.475692944427028E-4
0.006705598683314278 1.4758133453987815E-4
0.006706088156505691 1.4750788750453168E-4
0.006706149256836252 1.4749135665511516E-4
0.006704837002547128 1.474216011908166E-4
0.006704335967321749 1.4747745925106285E-4
0.006704855868900108 1.4736591275775734E-4
0.006705531546963211 1.4734039923392105E-4
0.006705108951463466 1.4748247244767004E-4
0.006705089359466998 1.4752847683276247E-4
0.006705047092024391 1.4759748277287774E-4
0.006704986506501263 1.4759873175607005E-4
0.0067051601053079845 1.4760808201637118E-4
0.006704744695465116 1.47477429396259E-4
0.006706036494571292 1.474466135180534E-4
0.006706269889351118 1.4760753199485874E-4
0.0067071748583363965 1.4754732850638468E-4
0.006706835445732277 1.4754569120015604E-4
0.006706635946166886 1.4747426627815293E-4
0.006706773987749615 1.475453743444543E-4
0.006708365768175301 1.4747397430537625E-4
0.006708644847716102 1.4736746125341255E-4
0.0067090387607023705 1.4737500928933562E-4
0.0067085801281449595 1.473600451229553E-4
0.006707821257324645 1.4735352238607423E-4
0.006706704905869066 1.4745912415310773E-4
0.006706163603461116 1.4748137566885668E-4
0.006706390021243168 1.4736165354855857E-4
0.006706583281465291 1.4734377564762602E-4
0.00670561966800468 1.4729176648380652E-4
0.00670497409906473 1.4731442495507266E-4
0.006705995197806144 1.4728048851860308E-4
0.006705029699902513 1.4729845859521912E-4
0.006705532322233763 1.471083995322845E-4
0.006705374505889367 1.471394857514015E-4
0.0067052149585218575 1.4712908006325075E-4
0.006705398437732428 1.4719767652486316E-4
0.006706447367777208 1.473028019904271E-4
0.006707387693090881 1.472391294569121E-4
0.006707304343158709 1.4718950379529207E-4
0.006709005698621555 1.4730223831264081E-4
0.006708206170913115 1.472838142426788E-4
0.006708496566224294 1.4714446094914524E-4
0.006709029977772992 1.4710924221292903E-4
0.006710675258344752 1.470862363485325E-4
0.006710954039040735 1.4707597522161037E-4
0.006710547236976073 1.4700113652755915E-4
0.006711446517987256 1.4693020038501308E-4
0.006711711106411998 1.468347768028048E-4
0.0067120683169470735 1.4678451693353795E-4
0.006712459159557763 1.4677076868527158E-4
0.00671337268068334 1.4667456149982473E-4
0.006713331324901267 1.4675864123783072E-4
0.006712269400558763 1.4685778201953538E-4
0.006712393308671224 1.468031349048012E-4
0.006713686007185409 1.4669882423201013E-4
0.006712546289308089 1.4661094800960285E-4
0.006712674137928681 1.466880223532E-4
0.006712931191812094 1.4655014858413665E-4
0.006711857153061813 1.4648647368903565E-4
0.006711308911953231 1.4643667045336552E-4
0.006711061372623916 1.46382874708623E-4
0.006710336018788965 1.4637047079973527E-4
0.006711203940331237 1.4632442864765565E-4
0.00671246473722503 1.4626448230450887E-4
0.006711334424574415 1.463206277287978E-4
0.0067123252562047075 1.4625802727936423E-4
0.006711085526480946 1.4625444407068253E-4
0.006710222865743247 1.463655836920864E-4
0.006710237191179212 1.464406343775222E-4
0.0067098496251949075 1.4652810338066264E-4
0.0067092581665320885 1.4644769403047558E-4
0.006710485128045613 1.4640885758018956E-4
0.0067098460509128505 1.4639019135150112E-4
0.006709958842358458 1.4650109110727664E-4
0.006709776092768583 1.4644161602931613E-4
0.006708787044816965 1.463676430268716E-4
0.00670823655099455 1.463375647412651E-4
0.006707897110550441 1.4642571670996394E-4
0.006707032650795629 1.4649973432620794E-4
0.006706676319165469 1.4647273617321085E-4
0.006706477728063508 1.465012654082603E-4
0.00670659069270271 1.4654659030691896E-4
0.006706564729883564 1.4666719501537864E-4
0.006707205762209626 1.466079168783471E-4
0.0067065950932556784 1.4670588871153322E-4
0.0067059020341270386 1.4665156471769202E-4
0.00670650333452181 1.4666135717747835E-4
0.0067067380422120085 1.466585696237252E-4
0.006706437574259838 1.465921747140235E-4
0.006707002860479044 1.466915079793313E-4
0.006707613773706568 1.4669522889777648E-4
0.006708414232574343 1.4671437308115908E-4
0.006709667167420165 1.4664503394128266E-4
0.006709007431287044 1.4677813998465776E-4
0.0067077704753528405 1.4673902417242004E-4
0.006707441535794742 1.4663715531853898E-4
0.006706703086143772 1.4666837383701576E-4
0.006706785019549311 1.466074420805194E-4
0.006707050302174264 1.4657260040156216E-4
0.006707438820679618 1.4649387263046301E-4
0.006707891634595313 1.46458379657426E-4
0.006707315681861542 1.4622370955493657E-4
0.006707739788400001 1.46150787303882E-4
0.006707406798136792 1.4618150544569206E-4
0.006707855881446872 1.4624762179594154E-4
0.006708498912495191 1.461527452152821E-4
0.006708597254670982 1.4617202783025833E-4
0.006708572755621194 1.462491460473608E-4
0.00670889143960094 1.4610970023106208E-4
0.006709713771686223 1.461089718430147E-4
0.006709867925880198 1.4616854763409236E-4
0.006708702257525798 1.4608235795883148E-4
0.006709317590668593 1.4602343392390119E-4
0.006709132542591512 1.4605930280271132E-4
0.0067083197936790235 1.4606418938808307E-4
0.00670839905640577 1.4594990670401082E-4
0.006708365159648794 1.459428336995843E-4
0.006708153891802802 1.4586455286961584E-4
0.006709488851639415 1.4581936587174406E-4
0.006709027168322529 1.4569329295855825E-4
0.006709451334644554 1.4578298881626493E-4
0.006709996343054382 1.4581217901840578E-4
0.00671019878421126 1.457306007928763E-4
0.0067103513064055405 1.457634951474888E-4
0.0067099109339638415 1.45628963458537E-4
0.0067105068072388484 1.454951065834264E-4
0.00670971883932174 1.454695976840829E-4
0.0067095347173477685 1.4531207488972876E-4
0.006710649821881366 1.4518097574963651E-4
0.006710577971680822 1.4507702122539202E-4
0.006711095951904939 1.4501629731479733E-4
0.006709780419977726 1.449809546699023E-4
0.006708486928952545 1.4500953421636505E-4
0.006707976868896762 1.4495362725761024E-4
0.006707966648235324 1.450181886491882E-4
0.006708210815729483 1.451114432642378E-4
0.0067084768939272765 1.451997687902493E-4
0.006708519607559753 1.4513462656634001E-4
0.006708861981809007 1.4514010077228958E-4
0.006708058894635383 1.45210563314468E-4
0.006709101069275858 1.4531000615135067E-4
0.006708205351463111 1.4512929330087976E-4
0.00670793946253863 1.451462212340006E-4
0.006707506171620398 1.451528397959518E-4
0.006707793570300986 1.4513042594470983E-4
0.006707887900783942 1.4515864948520116E-4
0.006708477101754915 1.452201556477421E-4
0.006709477441582131 1.4517162542656764E-4
0.006710418977612153 1.4506154555546125E-4
0.0067095512183874126 1.4517226862675398E-4
0.00670868269421687 1.452707352156193E-4
0.006708600681105167 1.4534614273112274E-4
0.00670899595032946 1.4535484654264546E-4
0.006707999568066255 1.4537971940729112E-4
0.006708323384466766 1.454321078936841E-4
0.006707827995454265 1.454013490992297E-4
0.006708585317994039 1.4532265468407011E-4
0.00670792211820657 1.4531120445108146E-4
0.00670896416411362 1.4534392042571281E-4
0.006709562047776886 1.4517685171454346E-4
0.00670931959110102 1.4515324660107357E-4
0.006707886037509359 1.4503211847750706E-4
0.0067077356488086885 1.4505072904564848E-4
0.006708717285468524 1.4516597764110457E-4
0.0067080155124747114 1.4520846173210575E-4
0.006709106374567126 1.4505990230010397E-4
0.0067085613116992585 1.4501531071191184E-4
0.006708594822000685 1.4496866252325166E-4
0.006708963661656221 1.4492587868310337E-4
0.006707015093132154 1.4501148787653077E-4
0.006707276907700627 1.4489828636373724E-4
0.0067068836584154605 1.4490721691899535E-4
0.00670737952815215 1.4497805081969056E-4
0.006707614721284881 1.448984708468769E-4
0.006707311982509855 1.4493961302887494E-4
0.006707391328772358 1.4496684605280153E-4
0.006708006099220615 1.4483402600395264E-4
0.006707724878789103 1.4490177359390195E-4
0.006707579650586606 1.4499486186946644E-4
0.006706643168161301 1.4503204707709403E-4
0.006707381674498564 1.4501880620503113E-4
0.006706721412685791 1.4504750082587896E-4
0.006706990716101464 1.450714170537459E-4
0.006706331448470651 1.4500212467989315E-4
0.006705210039288447 1.449117858729211E-4
0.00670477371118482 1.4483186648113722E-4
0.006704469879338818 1.4480462604294815E-4
0.006704981909559299 1.4473810483443464E-4
0.006704039211947034 1.4478683058034337E-4
0.006703077330295155 1.4480747562026843E-4
0.006702710072793027 1.4472953058544335E-4
0.006703368059095348 1.446534049655941E-4
0.006702557579293352 1.4465610340888763E-4
0.006701694216249053 1.447537763640893E-4
0.006701274157921471 1.447040880713985E-4
0.0067015588067433265 1.4479985882045893E-4
0.00670223946756016 1.447562865325311E-4
0.006702332953272774 1.447763678408078E-4
0.006701950266154669 1.4476199046798628E-4
0.006701329500307983 1.4489366410612605E-4
0.006701734326235278 1.448921246496801E-4
0.006701173665101121 1.448550397519661E-4
0.006701625683917093 1.4471621084968288E-4
0.006701965855748088 1.4470212608169597E-4
0.006701750321078438 1.4445418690853013E-4
0.006701269652669204 1.444628990276384E-4
0.006702184745276821 1.4443488990633873E-4
0.0067019411654078926 1.4429907204361762E-4
0.00670091790352924 1.4436790769168465E-4
0.006700654749600877 1.4460311256470944E-4
0.006699467134197018 1.4454942567226415E-4
0.006698486915860987 1.445476468388442E-4
0.006698350008362307 1.4450825201653265E-4
0.006697600372782221 1.443880336677219E-4
0.006697529502477919 1.4427089484620378E-4
0.006698295209147226 1.443299518086555E-4
0.006699194469596978 1.4430626278534207E-4
0.006698969209782754 1.4439920867150095E-4
0.0066992848163930545 1.4434119088906032E-4
0.006699634471478903 1.4429436861050963E-4
0.00670016851790565 1.4423849938010954E-4
0.006700403204220358 1.4427693829296778E-4
0.006701863390964014 1.4438296757131325E-4
0.006703490484948152 1.4438997770369413E-4
0.006704377451981946 1.4446289114683383E-4
0.006704148707758529 1.444369021017967E-4
0.006703104665687795 1.4431813230990055E-4
0.006702977051311328 1.4431589067187987E-4
0.006702376374679008 1.443555658734737E-4
0.006703823992470387 1.4432427865134127E-4
0.006703886071173803 1.442805928170399E-4
0.0067032030678926295 1.442926303599004E-4
0.006702416486149755 1.4428663241111564E-4
0.006702324371555112 1.4426580202908432E-4
0.006703362749801377 1.441994252684123E-4
0.0067035739685759425 1.442967869469373E-4
0.006703842729399005 1.4434524404613835E-4
0.006703711497102114 1.4426483739089348E-4
0.0067045151437087475 1.4427427539248495E-4
0.006703597691917891 1.4414806229551903E-4
0.0067034686028757924 1.4412241558296482E-4
0.0067027395912500854 1.4423604974727E-4
0.006703402105039366 1.4420322040175108E-4
0.006704218146465138 1.4422849199528546E-4
0.00670562801546952 1.4429910683766035E-4
0.006706606452402113 1.4442429337781446E-4
0.006705597050518993 1.443399736041092E-4
0.006706665094478373 1.443620924701555E-4
0.006707212848280549 1.4437373295518908E-4
0.006707062823582992 1.4440506411004752E-4
0.006707007077709888 1.4442985320754672E-4
0.0067068388126114604 1.4439861670534476E-4
0.006705917493317549 1.4436396733870778E-4
0.006706361545193778 1.445226218675408E-4
0.006707130777147545 1.4441901883746375E-4
0.0067067641642227505 1.4453446423342027E-4
0.006706784931884067 1.44472901217975E-4
0.006705649209691987 1.4450768569867573E-4
0.006706800908732588 1.4466803584189144E-4
0.006707135173491189 1.44639217771957E-4
0.006707478674819325 1.4466982224478107E-4
0.00670817967390165 1.4461593445975172E-4
0.006707468493699213 1.4470681926581877E-4
0.0067070719470174595 1.446735987671188E-4
0.006707409846880827 1.4462178452099076E-4
0.006707408695074611 1.4447390727497295E-4
0.006706955241847254 1.4448145614072406E-4
0.006707518180233233 1.4447456473487867E-4
0.006707121409940546 1.4448360110468127E-4
0.006706798474910127 1.4453806556506026E-4
0.00670704866302891 1.4442932369479808E-4
0.006706805141191683 1.443743015159493E-4
0.006708064423758908 1.4416519991107145E-4
0.006707081605423089 1.4409170763765382E-4
0.006707119749254665 1.4408023485469086E-4
0.0067071496527534155 1.4406258905809E-4
0.006706255578190493 1.4410621661188323E-4
0.0067054053454795965 1.4412578156949285E-4
0.006705764113774678 1.4416218019640598E-4
0.006705643754670015 1.4414067506811308E-4
0.006705031465195456 1.4413303686789086E-4
0.006704173159188447 1.4405632119047693E-4
0.006703996744626775 1.441056787552635E-4
0.006702962253413284 1.4409810230836258E-4
0.006703782860352772 1.4397924049167245E-4
0.0067038006019618 1.439757171420763E-4
0.006703640232613142 1.4401409137267227E-4
0.006704740690721229 1.4403557774859426E-4
0.006704133813460893 1.4394457910687762E-4
0.0067032276229390675 1.438914286004352E-4
0.006703745169959396 1.4388055060281547E-4
0.006703468106852852 1.4395984480439222E-4
0.006703521094241609 1.438470017345242E-4
0.00670305241528625 1.43789698726181E-4
0.006703166109803694 1.4377684627132003E-4
0.006704497564192986 1.4374984663925527E-4
0.006703611795286318 1.4362866367021045E-4
0.006703556210625648 1.4367899438655755E-4
0.006703182413913171 1.4369652149140435E-4
0.006702879936354519 1.4376282209044495E-4
0.0067030469237325495 1.4372953069938103E-4
0.0067030562900943095 1.437680679353843E-4
0.006702935133446274 1.4379365574259209E-4
0.006702632425275929 1.4370630266182045E-4
0.006702560026094254 1.4360420293297238E-4
0.006702571177605 1.4341953335801036E-4
0.006703600813338404 1.4345676394195863E-4
0.006702846910047138 1.4341761451181192E-4
0.006701977144510519 1.434369697766319E-4
0.006702053256566255 1.4337310387473441E-4
0.006702680024701047 1.4346414675152136E-4
0.006701622779236133 1.4339425305332713E-4
0.006701962057185166 1.4344065540131722E-4
0.006702737170182964 1.4352091440225775E-4
0.006702637295145864 1.4342032619136995E-4
0.006702853959796324 1.4339927539879735E-4
0.0067026957300229065 1.433755779951444E-4
0.006703438326550885 1.4327428467109977E-4
0.006702500308119583 1.4321507045949228E-4
0.006703419266452197 1.43216298250877E-4
0.006704422681590549 1.431889520308554E-4
0.006704551955016481 1.4329098773327358E-4
0.006704006347121236 1.4321929082084295E-4
0.006705403966576984 1.432875829869833E-4
0.006705364877219876 1.4324743862196784E-4
0.006705338158582697 1.4333643958722278E-4
0.006706142891211599 1.4323446383518272E-4
0.006705182753301982 1.4324586552684783E-4
0.0067041500194884515 1.432737610371966E-4
0.006704522371103502 1.4320030788864737E-4
0.00670303363033624 1.4321136055234674E-4
0.006703327978637874 1.4314931951844888E-4
0.006703599795955579 1.4316806390567984E-4
0.0067019479401303934 1.4309913349591996E-4
0.006701663334488748 1.4326484578973495E-4
0.006701975236935292 1.4326739479369257E-4
0.006702319586070809 1.4329988482142855E-4
0.006702530694249723 1.4337883265264746E-4
0.0067023370405411686 1.4335807896368892E-4
0.006701144293139542 1.4338555436816305E-4
0.006700261639984849 1.4337119980177728E-4
0.006701473459747672 1.4322844598627565E-4
0.006701751463145405 1.4312835036127015E-4
0.006702462881116315 1.431915207558266E-4
0.006701381063082375 1.4308079791455885E-4
0.006701082974480392 1.4309216459164765E-4
0.006700774271397252 1.430073980601802E-4
0.006700593140410255 1.4293714553482843E-4
0.0066997303200707955 1.4290632497785912E-4
0.006700106451833663 1.429160287975807E-4
0.006700020657268083 1.4274656660080327E-4
0.006700147112762127 1.4275321459252723E-4
0.006700497522735946 1.4283349285197636E-4
0.006700968147449291 1.427809432298124E-4
0.006701427472257542 1.42796966775729E-4
0.006700948197139351 1.427949377522879E-4
0.006701899593820231 1.4274680909132168E-4
0.00670214562750005 1.4270188313748026E-4
0.00670292752431454 1.427273862398614E-4
0.006701808595657376 1.426619557826475E-4
0.006702013565427276 1.4258370815499363E-4
0.006702868315908437 1.4255382541625113E-4
0.00670364164895195 1.4252891701588939E-4
0.0067039451006589154 1.4247123265662508E-4
0.006704024640021938 1.423806103438189E-4
0.006703188748526135 1.424087985699346E-4
0.006703163500748214 1.4242985541582188E-4
0.006704303663464495 1.423812923956212E-4
0.006704192665378771 1.4236142896298246E-4
0.006703819562768868 1.4232734406686206E-4
0.006703457779478595 1.423354032232804E-4
0.006703721592051477 1.4229473730770662E-4
0.006703295057813575 1.4225734884068758E-4
0.006704036588217518 1.4221948102681646E-4
0.006704054340333275 1.4216180876471375E-4
0.006704152198121033 1.4202893685013793E-4
0.0067042099044130185 1.4207411436799723E-4
0.0067044827655540085 1.420740109992456E-4
0.006703756739092903 1.4207899800345304E-4
0.006703345780841401 1.4213565687915295E-4
0.0067024763719094405 1.4211082094013313E-4
0.006702049841791504 1.4202362460727158E-4
0.006701608700556377 1.4201553338399247E-4
0.006700550808276853 1.4205222649833554E-4
0.006700649608593065 1.42024159048522E-4
0.0067001289575571756 1.421004258410029E-4
0.006699348133433577 1.4217759178744967E-4
0.006699709241946197 1.4214880708667498E-4
0.00669895555943614 1.4205355138409976E-4
0.006697344001554756 1.4213358184499657E-4
0.006697023524787556 1.4215268110963068E-4
0.00669613147551766 1.421922084001943E-4
0.006696266795694143 1.422330767040152E-4
1: 121 = 121 ### 0.008618 = 0.007981 ##### Davis
2: 21 = 21 ### 0.008357 = 0.007731 ##### Photo_Requests
3: 245 = 245 ### 0.007959 = 0.007360 ##### UC_Davis
4: 1531 = 1531 ### 0.005500 = 0.005094 ##### Seed/Definition
5: 1367 = 1367 ### 0.003074 = 0.002837 ##### departed_businesses
6: 31 = 31 ### 0.002731 = 0.002537 ##### Sacramento
7: 80 = 80 ### 0.002394 = 0.002216 ##### ASUCD
8: 1040 = 1040 ### 0.002354 = 0.002183 ##### Woodland
9: 254 = 254 ### 0.002187 = 0.002023 ##### campus
10: 452 = 452 ### 0.002111 = 0.001945 ##### City_Council
11: 157 = 157 ### 0.001757 = 0.001626 ##### East_Davis
12: 392 = 392 ### 0.001754 = 0.001620 ##### Yolo_County
13: 169 = 169 ### 0.001745 = 0.001610 ##### South_Davis
14: 100 = 100 ### 0.001682 = 0.001563 ##### West_Davis
15: 561 = 561 ### 0.001577 = 0.001460 ##### City_of_Davis
16: 3870 = 3870 ### 0.001550 = 0.001444 ##### Cul-de-sacs
17: 997 = 997 ### 0.001455 = 0.001354 ##### ASUCD_Senate
18: 884 = 884 ### 0.001377 = 0.001278 ##### Interstate_80
19: 202 = 202 ### 0.001372 = 0.001266 ##### The_California_Aggie
20: 8 = 8 ### 0.001362 = 0.001258 ##### 2007
21: 72 = 72 ### 0.001329 = 0.001231 ##### Campus
22: 145 = 145 ### 0.001282 = 0.001190 ##### North_Davis
23: 27 = 27 ### 0.001176 = 0.001092 ##### Arboretum
24: 645 = 645 ### 0.001170 = 0.001083 ##### Memorial_Union
25: 490 = 490 ### 0.001151 = 0.001063 ##### Davis_Enterprise
26: 2883 = 2883 ### 0.001133 = 0.001050 ##### Dentists
27: 81 = 81 ### 0.001108 = 0.001026 ##### KDVS
28: 942 = 942 ### 0.001092 = 0.001010 ##### 2006
29: 125 = 125 ### 0.001027 = 0.000952 ##### Music_Scene
30: 247 = 247 ### 0.001019 = 0.000940 ##### Picnic_Day
31: 179 = 337 ### 0.000950 = 0.000878 ##### Town_Flora
32: 337 = 179 ### 0.000946 = 0.000878 ##### Davis_Senior_High_School
33: 1403 = 708 ### 0.000941 = 0.000877 ##### Daubert
34: 708 = 1403 ### 0.000939 = 0.000870 ##### Unitrans
35: 152 = 484 ### 0.000920 = 0.000858 ##### Apartments
36: 26 = 26 ### 0.000919 = 0.000854 ##### Highway_113
37: 484 = 152 ### 0.000918 = 0.000853 ##### Winters
38: 15492 = 321 ### 0.000904 = 0.000828 ##### User_Statistics
39: 321 = 242 ### 0.000889 = 0.000812 ##### 2008
40: 242 = 15492 ### 0.000878 = 0.000797 ##### Front_Page
41: 1043 = 1964 ### 0.000846 = 0.000787 ##### Dixon
42: 1964 = 1043 ### 0.000844 = 0.000785 ##### ttp://gnome.wikispot.org/Users/JoePomidor
43: 857 = 857 ### 0.000830 = 0.000771 ##### West_Sacramento
44: 1755 = 1755 ### 0.000813 = 0.000750 ##### Pole_Line_Road
45: 15686 = 1200 ### 0.000799 = 0.000723 ##### Interpreting_User_Statistics
46: 1200 = 281 ### 0.000777 = 0.000712 ##### 2011
47: 281 = 154 ### 0.000766 = 0.000709 ##### downtown
48: 16 = 16 ### 0.000764 = 0.000703 ##### 2004
49: 1365 = 1365 ### 0.000760 = 0.000702 ##### 2nd_Street
50: 154 = 15686 ### 0.000759 = 0.000701 ##### Downtown
